       1 792.11542 1.130352
       2 790.96088 1.178474
       3 789.75873  1.22596
       4 788.50891 1.273705
       5 787.21088 1.322319
       6 785.86352 1.372414
       7  784.466 1.422676
       8 783.01758 1.474098
       9 781.51941 1.522308
      10 779.97351 1.569481
      11 778.3822 1.613144
      12 776.74768 1.655914
      13 775.07312 1.693268
      14 773.36169 1.729492
      15 771.61578 1.762337
      16 769.84039 1.788399
      17 768.04022 1.812065
      18 766.21942 1.829521
      19 764.38397 1.841339
      20  762.539 1.848488
      21 760.69061  1.84832
      22 758.84479 1.843262
      23 757.00671 1.833015
      24 755.1825 1.815331
      25 753.3783 1.793175
      26 751.59723  1.76889
      27 749.84351 1.738525
      28 748.11987 1.708679
      29 746.42651 1.678322
      30 744.76282 1.648964
      31 743.12707 1.622482
      32 741.51501 1.601639
      33 739.92157 1.585243
      34 738.34058 1.576714
      35 736.76501 1.574478
      36 735.18738 1.580597
      37 733.59961 1.595139
      38 731.99988 1.604202
      39 730.39337 1.608803
      40 728.78101  1.61602
      41 727.16242 1.621307
      42 725.53918 1.625053
      43 723.91028 1.632751
      44 722.27588 1.635895
      45 720.63648 1.642868
      46 718.99072 1.648895
      47 717.33911 1.654205
      48 715.6814 1.661224
      49 714.01862 1.664459
      50 712.35022 1.672333
      51 710.67462 1.678802
      52 708.99438 1.681503
      53 707.30798 1.691345
      54 705.61462 1.695618
      55 703.91589 1.701645
      56 702.21143 1.707306
      57 700.50043 1.714798
      58 698.78229 1.721283
      59 697.05878 1.725845
      60 695.33008 1.731415
      61 693.5943 1.740295
      62 691.85242 1.743469
      63 690.10492  1.75145
      64 688.35052  1.75737
      65 686.59027 1.763046
      66 684.82452 1.768661
      67 683.05212 1.776077
      68 681.27307 1.781815
      69 679.48822  1.78804
      70 677.69702 1.794373
      71 675.89868 1.802246
      72 674.09479 1.805435
      73 672.2854 1.813522
      74 670.46979 1.817596
      75 668.64819 1.825729
      76 666.81897  1.83252
      77 664.98431 1.837036
      78 663.14423  1.84314
      79 661.29761 1.850067
      80 659.44373 1.857681
      81 657.58533 1.859116
      82 655.72058 1.870239
      83 653.84882 1.873489
      84 651.97192 1.880173
      85 650.0885 1.886703
      86 648.19898 1.892258
      87 646.30371 1.898392
      88 644.40222 1.904724
      89 642.49487 1.909714
      90 640.58173 1.916687
      91 638.66272  1.92131
      92 636.73822 1.927826
      93 634.80719 1.934128
      94 632.86932 1.941635
      95 630.92639 1.944168
      96 628.97827 1.952087
      97 627.02429 1.955841
      98 625.06543 1.961975
      99 623.10022 1.968536
     100 621.12878 1.973999
     101 619.15033 1.983231
     102 617.16589 1.985443
     103 615.17877   1.9888
     104 613.18591 1.996902
     105 611.18622 2.002716
     106 609.18091 2.007782
     107 607.16962 2.014694
     108 605.15289 2.018768
     109 603.13141 2.024216
     110 601.10419 2.030273
     111 599.07221 2.033615
     112 597.03473 2.041351
     113 594.99152 2.045288
     114 592.9433 2.050934
     115 590.89038 2.054962
     116 588.83112 2.063568
     117 586.76709 2.064423
     118 584.69788 2.073914
     119 582.62262 2.076752
     120 580.54327  2.08197
     121 578.45898 2.086548
     122 576.36987 2.091614
     123 574.27557 2.097046
     124 572.17609 2.101868
     125 570.07233 2.105682
     126 567.96222 2.114716
     127 565.84699 2.115509
     128 563.72937 2.119843
     129 561.6062 2.126526
     130 559.47778  2.13028
     131 557.34497 2.135345
     132 555.20727 2.139862
     133 553.06519  2.14447
     134 550.9184 2.149139
     135 548.76679   2.1539
     136 546.61102 2.157837
     137 544.45081 2.162506
     138 542.28589 2.167297
     139 540.11688 2.170654
     140 537.94379 2.175598
     141 535.76581  2.18045
     142 533.58258 2.185822
     143 531.39569  2.18808
     144 529.2063 2.190796
     145 527.01172 2.198303
     146 524.81293 2.199341
     147 522.61072 2.205109
     148 520.40369 2.208771
     149 518.19287  2.21286
     150 515.97809 2.216797
     151 513.75958 2.220093
     152 511.53769 2.223785
     153 509.31171  2.22818
     154 507.08179  2.23172
     155 504.84799 2.235901
     156 502.61011 2.239716
     157 500.36939  2.24176
     158  498.125 2.247131
     159 495.87619 2.250488
     160 493.62421 2.253448
     161 491.3689 2.257141
     162 489.10998 2.260559
     163 486.84821 2.263153
     164 484.58301 2.267151
     165 482.31479 2.269257
     166 480.0423 2.275787
     167 477.76611 2.276642
     168 475.48761 2.280243
     169 473.20581 2.283447
     170 470.92111 2.285858
     171 468.63361 2.289215
     172 466.3439 2.290222
     173 464.05041 2.296692
     174 461.7529 2.298431
     175 459.45309 2.301208
     176 457.15109 2.302673
     177 454.84589 2.307678
     178 452.5379  2.30838
     179 450.22751   2.3125
     180 447.91409 2.314331
     181 445.59821 2.317413
     182 443.27991 2.319122
     183 440.95902 2.322815
     184 438.6351  2.32489
     185 436.30899  2.32724
     186 433.9805 2.329865
     187 431.64929 2.332458
     188 429.3158 2.334503
     189 426.98019 2.336731
     190 424.63971 2.344269
     191 422.29669 2.341827
     192 419.95419 2.343079
     193 417.60959  2.34613
     194 415.26541 2.342316
     195 412.9191 2.350189
     196 410.56549 2.357178
     197 408.2124 2.348846
     198 405.85901 2.358093
     199 403.49979 2.360321
     200 401.14069 2.357788
     201 398.78061 2.362366
     202 396.41779 2.363251
     203 394.05359 2.365143
     204 391.68799  2.36618
     205 389.32071 2.368378
     206 386.95181 2.369507
     207 384.58151 2.371094
     208 382.2095 2.372833
     209 379.83591 2.374329
     210 377.46069 2.376099
     211 375.0842 2.376923
     212 372.70639 2.378723
     213 370.32709 2.379761
     214 367.94659 2.381226
     215 365.5647 2.382538
     216 363.18149 2.383972
     217 360.79721 2.384613
     218 358.41199 2.385742
     219 356.02551 2.387299
     220 353.6377 2.388306
     221 351.24881 2.389404
     222 348.85901 2.390167
     223 346.4682 2.391571
     224 344.07639 2.391937
     225 341.68451 2.391937
     226 339.29129 2.394348
     227 336.89679 2.394714
     228 334.50131  2.39624
     229 332.10529 2.395813
     230 329.70999 2.394775
     231 327.31162   2.4021
     232 324.9118 2.397461
     233 322.5127 2.400757
     234 320.1141 2.396301
     235 317.71631 2.399414
     236 315.3161 2.401001
     237 312.91489 2.401428
     238 310.51291 2.402588
     239 308.11169  2.39978
     240  305.711  2.40155
     241 303.30951 2.401428
     242 300.9075 2.402588
     243 298.50149 2.409485
     244 296.09549 2.402405
     245 293.69269 2.403259
     246 291.28922 2.403687
     247 288.88531 2.404236
     248 286.48151  2.40332
     249 284.07779 2.404114
     250 281.6738 2.403931
     251 279.26959 2.404419
     252 276.86511 2.404602
     253 274.46091 2.403809
     254 272.05679 2.404419
     255 269.65231 2.404419
     256 267.24799 2.404236
     257 264.8443 2.403137
     258 262.44089 2.403809
     259 260.03699 2.403931
     260 257.63669 2.396545
     261 255.2373 2.402344
     262 252.83479  2.40271
     263 250.43221 2.402466
     264 248.0296  2.40271
     265 245.6268 2.402832
     266 243.2244 2.402039
     267 240.8242 2.398438
     268 238.4247 2.400513
     269 236.0247 2.399353
     270 233.6253 2.399475
     271  231.226 2.399231
     272 228.82781 2.397095
     273 226.43041 2.397827
     274 224.0333 2.396362
     275 221.6371 2.395813
     276 219.2413 2.395813
     277 216.8463 2.394348
     278 214.45261 2.393005
     279 212.0596 2.393005
     280 209.6669 2.392395
     281 207.2751 2.391113
     282 204.88451 2.390076
     283 202.4948 2.389404
     284 200.1058 2.388611
     285 197.7178 2.387329
     286 195.3307 2.386902
     287 192.94459 2.385254
     288 190.5598 2.384521
     289 188.1758 2.383301
     290  185.793 2.382263
     291  183.411 2.381775
     292 181.03059  2.37915
     293  178.651 2.380005
     294 176.27161 2.378784
     295 173.89371 2.377075
     296 171.5172 2.375916
     297 169.1418 2.374756
     298 166.76759 2.373718
     299 164.39639 2.368591
     300 162.0235 2.377319
     301 159.6515 2.366699
     302 157.2841 2.368164
     303 154.9166 2.366821
     304 152.55051 2.365356
     305 150.18559 2.364319
     306 147.8223 2.362366
     307 145.4603 2.361511
     308 143.0961 2.367004
     309 140.73309 2.358948
     310 138.3753 2.356689
     311 136.0193 2.355225
     312 133.66479 2.353821
     313 131.3116   2.3526
     314 128.9595 2.351624
     315 126.6083 2.350708
     316 124.2589 2.348145
     317 121.9114 2.346802
     318  119.565 2.346008
     319 117.2203 2.343445
     320 114.8773  2.34259
     321 112.5359 2.340088
     322 110.1967 2.338501
     323 107.8588  2.33728
     324 105.5222 2.335815
     325 103.1874 2.333801
     326 100.8541 2.332764
     327 98.522339  2.33075
     328 96.192627 2.328735
     329 93.864441 2.327576
     330 91.537903 2.325562
     331 89.215523 2.319214
     332 86.892761 2.326294
     333 84.570129  2.31897
     334 82.255127 2.310974
     335 79.939507 2.320313
     336 77.620911 2.316895
     337 75.309021 2.306885
     338 72.999329   2.3125
     339 70.689148   2.3078
     340 68.378853 2.312866
     341 66.071114 2.302612
     342 63.76923 2.301086
     343 61.468868 2.299683
     344 59.17017 2.297668
     345 56.87299 2.296692
     346 54.577332 2.294678
     347 52.283508 2.292908
     348 49.991638 2.290833
     349 47.701721 2.289063
     350 45.413639 2.287048
     351 43.12817 2.283936
     352 40.84454 2.283325
