1 20849
2 20850
3 20851
4 20852
5 20854
6 20855
7 20858
8 20859
9 20860
10 20861
11 20862
12 20863
13 20864
14 20865
15 20866
16 20867
17 20868
18 20869
19 20870
20 20871
21 20872
22 20873
23 20874
24 20875
25 20879
26 20880
27 20883
28 20884
29 20890
30 20893
31 20894
32 20895
33 20896
34 20897
35 20898
36 20899
37 20900
38 20901
39 20902
40 20903
41 20904
42 20905
43 20906
44 20907
45 20908
46 20914
47 20915
48 20916
49 20917
50 20918
51 20919
52 20920
53 20921
54 20922
55 20923
56 20924
57 20925
58 20926
59 20927
60 20928
61 20929
62 20930
63 20931
64 20932
65 20933
66 20934
67 20935
68 20936
69 20937
70 20938
71 20939
72 20940
73 20941
74 20942
75 20943
76 20944
77 20945
78 20946
79 20947
80 20948
81 20954
82 20955
83 20956
84 20957
85 20958
86 20959
87 20960
88 20961
89 20962
90 20986
91 20987
92 20988
93 20989
94 20990
95 20991
96 20992
97 20993
98 20994
99 20995
100 20996
101 20997
102 20998
103 20999
104 21000
105 21001
106 21002
107 21003
108 21006
109 21007
110 21008
111 21009
112 21011
113 21012
114 21013
115 21014
116 21015
117 21016
118 21017
119 21018
120 21019
121 21020
122 21021
123 21022
124 21023
125 21024
126 21025
127 21026
128 21027
129 21028
130 21031
131 21032
132 21033
133 21034
134 21035
135 21036
136 21037
137 21040
138 21041
139 21042
140 21043
141 21046
142 21047
143 21048
144 21049
145 21051
146 21052
