##     Offset-Scalers AcquRoot Detector file
##     Macro ScalerOffset, J.R.M. Annand, 28th March 2007
##     Ladder file with recalibration of electron energies
##     Generated by macro LadderNewCal.C, J.R.M. Annand, 11th November 2008
##     Offset-Scalers AcquRoot Detector file
##     Macro ScalerOffset, J.R.M. Annand, 28th March 2007
##  Auto-Generated Tagger-Ladder Config File
##  ROOT Macro LadderGen.C
Size: 352 0 1 1
Misc: 1 1 1 0 0.0 5.0 0.0
Window:   95. 115. 60.  80.
Window:   95. 115. 140. 160.
##
## G 0 - 32  Section AB
##
Element: 816 0.2 2.5 0.0 0.00050 1438M0 0.0 200.0 -4000. 0.1170 0 0 0 59.135 1.086 274
Element: 800 0.2 2.5 0.0 0.00050 1432M0 0.0 200.0 -4000. 0.1170 0 0 0 60.227 1.131 268
Element: 817 0.2 2.5 0.0 0.00050 1454M0 0.0 200.0 -4000. 0.1170 0 0 0 61.365 1.177 290
Element: 801 0.2 2.5 0.0 0.00050 1448M0 0.0 200.0 -4000. 0.1170 0 0 0 62.548 1.223 284
Element: 818 0.2 2.5 0.0 0.00050 1439M0 0.0 200.0 -4000. 0.1170 0 0 0 63.777 1.270 275
Element: 802 0.2 2.5 0.0 0.00050 1433M0 0.0 200.0 -4000. 0.1170 0 0 0 65.053 1.320 269
Element: 819 0.2 2.5 0.0 0.00050 1455M0 0.0 200.0 -4000. 0.1170 0 0 0 66.380 1.370 291
Element: 803 0.2 2.5 0.0 0.00050 1449M0 0.0 200.0 -4000. 0.1170 0 0 0 67.756 1.419 285
Element: 820 0.2 2.5 0.0 0.00050 1440M0 0.0 200.0 -4000. 0.1170 0 0 0 69.181 1.468 276
Element: 804 0.2 2.5 0.0 0.00050 1434M0 0.0 200.0 -4000. 0.1170 0 0 0 70.652 1.515 270
Element: 821 0.2 2.5 0.0 0.00050 1456M0 0.0 200.0 -4000. 0.1170 0 0 0 72.168 1.560 292
Element: 805 0.2 2.5 0.0 0.00050 1450M0 0.0 200.0 -4000. 0.1170 0 0 0 73.728 1.601 286
Element: 822 0.2 2.5 0.0 0.00050 1441M0 0.0 200.0 -4000. 0.1170 0 0 0 75.328 1.642 277
Element: 806 0.2 2.5 0.0 0.00050 1435M0 0.0 200.0 -4000. 0.1170 0 0 0 76.966 1.679 271
Element: 823 0.2 2.5 0.0 0.00050 1457M0 0.0 200.0 -4000. 0.1170 0 0 0 78.638 1.711 293
Element: 807 0.2 2.5 0.0 0.00050 1451M0 0.0 200.0 -4000. 0.1170 0 0 0 80.340 1.741 287
Element: 824 0.2 2.5 0.0 0.00050 1442M0 0.0 200.0 -4000. 0.1170 0 0 0 82.068 1.766 278
Element: 808 0.2 2.5 0.0 0.00050 1436M0 0.0 200.0 -4000. 0.1170 0 0 0 83.817 1.784 272
Element: 825 0.2 2.5 0.0 0.00050 1458M0 0.0 200.0 -4000. 0.1170 0 0 0 85.583 1.799 294
Element: 809 0.2 2.5 0.0 0.00050 1452M0 0.0 200.0 -4000. 0.1170 0 0 0 87.358 1.807 288
Element: 826 0.2 2.5 0.0 0.00050 1443M0 0.0 200.0 -4000. 0.1170 0 0 0 89.143 1.808 279
Element: 810 0.2 2.5 0.0 0.00050 1437M0 0.0 200.0 -4000. 0.1170 0 0 0 90.923 1.804 273
Element: 827 0.2 2.5 0.0 0.00050 1459M0 0.0 200.0 -4000. 0.1170 0 0 0 92.699 1.793 295
Element: 811 0.2 2.5 0.0 0.00050 1453M0 0.0 200.0 -4000. 0.1170 0 0 0 94.462 1.777 289
Element: 828 0.2 2.5 0.0 0.00050 1444M0 0.0 200.0 -4000. 0.1170 0 0 0 96.206 1.757 280
Element: 829 0.2 2.5 0.0 0.00050 1460M0 0.0 200.0 -4000. 0.1170 0 0 0 97.928 1.732 296
Element: 830 0.2 2.5 0.0 0.00050 1445M0 0.0 200.0 -4000. 0.1170 0 0 0 99.625 1.704 281
Element: 831 0.2 2.5 0.0 0.00050 1461M0 0.0 200.0 -4000. 0.1170 0 0 0 101.292 1.677 297
Element: 812 0.2 2.5 0.0 0.00050 1446M0 0.0 200.0 -4000. 0.1170 0 0 0 102.930 1.647 282
Element: 813 0.2 2.5 0.0 0.00050 1462M0 0.0 200.0 -4000. 0.1170 0 0 0 104.539 1.620 298
Element: 814 0.2 2.5 0.0 0.00050 1447M0 0.0 200.0 -4000. 0.1170 0 0 0 106.122 1.596 283
Element: 815 0.2 2.5 0.0 0.00050 1463M0 0.0 200.0 -4000. 0.1170 0 0 0 107.682 1.573 299
##
## G 32 - 64  Section CD
##
Element: 832 0.2 2.5 0.0 0.00050 1464M0 0.0 200.0 -4000. 0.1170 0 0 0 109.212 1.578 300
Element: 833 0.2 2.5 0.0 0.00050 1480M0 0.0 200.0 -4000. 0.1170 0 0 0 110.746 1.606 316
Element: 834 0.2 2.5 0.0 0.00050 1465M0 0.0 200.0 -4000. 0.1170 0 0 0 112.274 1.628 301
Element: 835 0.2 2.5 0.0 0.00050 1481M0 0.0 200.0 -4000. 0.1170 0 0 0 113.806 1.642 317
Element: 836 0.2 2.5 0.0 0.00050 1466M0 0.0 200.0 -4000. 0.1170 0 0 0 115.347 1.648 302
Element: 837 0.2 2.5 0.0 0.00050 1482M0 0.0 200.0 -4000. 0.1170 0 0 0 116.901 1.659 318
Element: 838 0.2 2.5 0.0 0.00050 1467M0 0.0 200.0 -4000. 0.1170 0 0 0 118.484 1.632 303
Element: 839 0.2 2.5 0.0 0.00050 1483M0 0.0 200.0 -4000. 0.1170 0 0 0 120.031 1.605 319
Element: 840 0.2 2.5 0.0 0.00050 1468M0 0.0 200.0 -4000. 0.1170 0 0 0 121.603 1.619 304
Element: 841 0.2 2.5 0.0 0.00050 1484M0 0.0 200.0 -4000. 0.1170 0 0 0 123.183 1.635 320
Element: 842 0.2 2.5 0.0 0.00050 1469M0 0.0 200.0 -4000. 0.1170 0 0 0 124.768 1.650 305
Element: 843 0.2 2.5 0.0 0.00050 1485M0 0.0 200.0 -4000. 0.1170 0 0 0 126.359 1.666 321
Element: 844 0.2 2.5 0.0 0.00050 1470M0 0.0 200.0 -4000. 0.1170 0 0 0 127.957 1.682 306
Element: 845 0.2 2.5 0.0 0.00050 1486M0 0.0 200.0 -4000. 0.1170 0 0 0 129.560 1.698 322
Element: 846 0.2 2.5 0.0 0.00050 1471M0 0.0 200.0 -4000. 0.1170 0 0 0 131.170 1.713 307
Element: 847 0.2 2.5 0.0 0.00050 1487M0 0.0 200.0 -4000. 0.1170 0 0 0 132.784 1.728 323
Element: 848 0.2 2.5 0.0 0.00050 1472M0 0.0 200.0 -4000. 0.1170 0 0 0 134.428 1.702 308
Element: 849 0.2 2.5 0.0 0.00050 1488M0 0.0 200.0 -4000. 0.1170 0 0 0 136.035 1.675 324
Element: 850 0.2 2.5 0.0 0.00050 1473M0 0.0 200.0 -4000. 0.1170 0 0 0 137.669 1.691 309
Element: 851 0.2 2.5 0.0 0.00050 1489M0 0.0 200.0 -4000. 0.1170 0 0 0 139.309 1.705 325
Element: 852 0.2 2.5 0.0 0.00050 1474M0 0.0 200.0 -4000. 0.1170 0 0 0 140.956 1.722 310
Element: 853 0.2 2.5 0.0 0.00050 1490M0 0.0 200.0 -4000. 0.1170 0 0 0 142.609 1.736 326
Element: 854 0.2 2.5 0.0 0.00050 1475M0 0.0 200.0 -4000. 0.1170 0 0 0 144.269 1.752 311
Element: 855 0.2 2.5 0.0 0.00050 1491M0 0.0 200.0 -4000. 0.1170 0 0 0 145.935 1.768 327
Element: 856 0.2 2.5 0.0 0.00050 1476M0 0.0 200.0 -4000. 0.1170 0 0 0 147.624 1.749 312
Element: 857 0.2 2.5 0.0 0.00050 1492M0 0.0 200.0 -4000. 0.1170 0 0 0 149.285 1.727 328
Element: 858 0.2 2.5 0.0 0.00050 1477M0 0.0 200.0 -4000. 0.1170 0 0 0 150.971 1.743 313
Element: 859 0.2 2.5 0.0 0.00050 1493M0 0.0 200.0 -4000. 0.1170 0 0 0 152.662 1.758 329
Element: 860 0.2 2.5 0.0 0.00050 1478M0 0.0 200.0 -4000. 0.1170 0 0 0 154.360 1.774 314
Element: 861 0.2 2.5 0.0 0.00050 1494M0 0.0 200.0 -4000. 0.1170 0 0 0 156.065 1.790 330
Element: 862 0.2 2.5 0.0 0.00050 1479M0 0.0 200.0 -4000. 0.1170 0 0 0 157.776 1.805 315
Element: 863 0.2 2.5 0.0 0.00050 1495M0 0.0 200.0 -4000. 0.1170 0 0 0 159.494 1.821 331
##
## G 64 - 96  Section EF
##
Element: 864 0.2 2.5 0.0 0.00050 1496M0 0.0 200.0 -4000. 0.1170 0 0 0 161.218 1.837 332
Element: 865 0.2 2.5 0.0 0.00050 1512M0 0.0 200.0 -4000. 0.1170 0 0 0 162.948 1.853 348
Element: 866 0.2 2.5 0.0 0.00050 1497M0 0.0 200.0 -4000. 0.1170 0 0 0 164.685 1.869 333
Element: 867 0.2 2.5 0.0 0.00050 1513M0 0.0 200.0 -4000. 0.1170 0 0 0 166.451 1.840 349
Element: 868 0.2 2.5 0.0 0.00050 1498M0 0.0 200.0 -4000. 0.1170 0 0 0 168.178 1.811 334
Element: 869 0.2 2.5 0.0 0.00050 1514M0 0.0 200.0 -4000. 0.1170 0 0 0 169.934 1.827 350
Element: 870 0.2 2.5 0.0 0.00050 1499M0 0.0 200.0 -4000. 0.1170 0 0 0 171.697 1.842 335
Element: 871 0.2 2.5 0.0 0.00050 1515M0 0.0 200.0 -4000. 0.1170 0 0 0 173.466 1.858 351
Element: 872 0.2 2.5 0.0 0.00050 1500M0 0.0 200.0 -4000. 0.1170 0 0 0 175.243 1.873 336
Element: 873 0.2 2.5 0.0 0.00050 1516M0 0.0 200.0 -4000. 0.1170 0 0 0 177.025 1.890 352
Element: 874 0.2 2.5 0.0 0.00050 1501M0 0.0 200.0 -4000. 0.1170 0 0 0 178.814 1.905 337
Element: 875 0.2 2.5 0.0 0.00050 1517M0 0.0 200.0 -4000. 0.1170 0 0 0 180.609 1.922 353
Element: 876 0.2 2.5 0.0 0.00050 1502M0 0.0 200.0 -4000. 0.1170 0 0 0 182.430 1.900 338
Element: 877 0.2 2.5 0.0 0.00050 1518M0 0.0 200.0 -4000. 0.1170 0 0 0 184.219 1.876 354
Element: 878 0.2 2.5 0.0 0.00050 1503M0 0.0 200.0 -4000. 0.1170 0 0 0 186.033 1.892 339
Element: 879 0.2 2.5 0.0 0.00050 1519M0 0.0 200.0 -4000. 0.1170 0 0 0 187.854 1.907 355
Element: 880 0.2 2.5 0.0 0.00050 1504M0 0.0 200.0 -4000. 0.1170 0 0 0 189.681 1.925 340
Element: 881 0.2 2.5 0.0 0.00050 1520M0 0.0 200.0 -4000. 0.1170 0 0 0 191.514 1.938 356
Element: 882 0.2 2.5 0.0 0.00050 1505M0 0.0 200.0 -4000. 0.1170 0 0 0 193.355 1.955 341
Element: 883 0.2 2.5 0.0 0.00050 1521M0 0.0 200.0 -4000. 0.1170 0 0 0 195.201 1.971 357
Element: 884 0.2 2.5 0.0 0.00050 1506M0 0.0 200.0 -4000. 0.1170 0 0 0 197.054 1.988 342
Element: 885 0.2 2.5 0.0 0.00050 1522M0 0.0 200.0 -4000. 0.1170 0 0 0 198.933 1.964 358
Element: 886 0.2 2.5 0.0 0.00050 1507M0 0.0 200.0 -4000. 0.1170 0 0 0 200.777 1.938 343
Element: 887 0.2 2.5 0.0 0.00050 1523M0 0.0 200.0 -4000. 0.1170 0 0 0 202.649 1.954 359
Element: 888 0.2 2.5 0.0 0.00050 1508M0 0.0 200.0 -4000. 0.1170 0 0 0 204.527 1.970 344
Element: 889 0.2 2.5 0.0 0.00050 1524M0 0.0 200.0 -4000. 0.1170 0 0 0 206.411 1.985 360
Element: 890 0.2 2.5 0.0 0.00050 1509M0 0.0 200.0 -4000. 0.1170 0 0 0 208.301 2.001 345
Element: 891 0.2 2.5 0.0 0.00050 1525M0 0.0 200.0 -4000. 0.1170 0 0 0 210.198 2.017 361
Element: 892 0.2 2.5 0.0 0.00050 1510M0 0.0 200.0 -4000. 0.1170 0 0 0 212.100 2.033 346
Element: 893 0.2 2.5 0.0 0.00050 1526M0 0.0 200.0 -4000. 0.1170 0 0 0 214.009 2.050 362
Element: 894 0.2 2.5 0.0 0.00050 1511M0 0.0 200.0 -4000. 0.1170 0 0 0 215.942 2.029 347
Element: 895 0.2 2.5 0.0 0.00050 1527M0 0.0 200.0 -4000. 0.1170 0 0 0 217.844 2.008 363
##
## G 96 - 128  Section GH
##
Element: 896 0.2 2.5 0.0 0.00050 1528M0 0.0 200.0 -4000. 0.1170 0 0 0 219.771 2.024 364
Element: 897 0.2 2.5 0.0 0.00050 1544M0 0.0 200.0 -4000. 0.1170 0 0 0 221.704 2.040 380
Element: 898 0.2 2.5 0.0 0.00050 1529M0 0.0 200.0 -4000. 0.1170 0 0 0 223.643 2.055 365
Element: 899 0.2 2.5 0.0 0.00050 1545M0 0.0 200.0 -4000. 0.1170 0 0 0 225.588 2.071 381
Element: 900 0.2 2.5 0.0 0.00050 1530M0 0.0 200.0 -4000. 0.1170 0 0 0 227.539 2.088 366
Element: 901 0.2 2.5 0.0 0.00050 1546M0 0.0 200.0 -4000. 0.1170 0 0 0 229.496 2.103 382
Element: 902 0.2 2.5 0.0 0.00050 1531M0 0.0 200.0 -4000. 0.1170 0 0 0 231.459 2.120 367
Element: 903 0.2 2.5 0.0 0.00050 1547M0 0.0 200.0 -4000. 0.1170 0 0 0 233.449 2.092 383
Element: 904 0.2 2.5 0.0 0.00050 1532M0 0.0 200.0 -4000. 0.1170 0 0 0 235.402 2.062 368
Element: 905 0.2 2.5 0.0 0.00050 1548M0 0.0 200.0 -4000. 0.1170 0 0 0 237.382 2.078 384
Element: 906 0.2 2.5 0.0 0.00050 1533M0 0.0 200.0 -4000. 0.1170 0 0 0 239.368 2.094 369
Element: 907 0.2 2.5 0.0 0.00050 1549M0 0.0 200.0 -4000. 0.1170 0 0 0 241.360 2.109 385
Element: 908 0.2 2.5 0.0 0.00050 1534M0 0.0 200.0 -4000. 0.1170 0 0 0 243.357 2.125 370
Element: 909 0.2 2.5 0.0 0.00050 1550M0 0.0 200.0 -4000. 0.1170 0 0 0 245.361 2.142 386
Element: 910 0.2 2.5 0.0 0.00050 1535M0 0.0 200.0 -4000. 0.1170 0 0 0 247.370 2.157 371
Element: 911 0.2 2.5 0.0 0.00050 1551M0 0.0 200.0 -4000. 0.1170 0 0 0 249.384 2.173 387
Element: 912 0.2 2.5 0.0 0.00050 1536M0 0.0 200.0 -4000. 0.1170 0 0 0 251.405 2.189 372
Element: 913 0.2 2.5 0.0 0.00050 1552M0 0.0 200.0 -4000. 0.1170 0 0 0 253.451 2.165 388
Element: 914 0.2 2.5 0.0 0.00050 1537M0 0.0 200.0 -4000. 0.1170 0 0 0 255.462 2.140 373
Element: 915 0.2 2.5 0.0 0.00050 1553M0 0.0 200.0 -4000. 0.1170 0 0 0 257.499 2.155 389
Element: 916 0.2 2.5 0.0 0.00050 1538M0 0.0 200.0 -4000. 0.1170 0 0 0 259.541 2.172 374
Element: 917 0.2 2.5 0.0 0.00050 1554M0 0.0 200.0 -4000. 0.1170 0 0 0 261.589 2.187 390
Element: 918 0.2 2.5 0.0 0.00050 1539M0 0.0 200.0 -4000. 0.1170 0 0 0 263.642 2.203 375
Element: 919 0.2 2.5 0.0 0.00050 1555M0 0.0 200.0 -4000. 0.1170 0 0 0 265.701 2.220 391
Element: 920 0.2 2.5 0.0 0.00050 1540M0 0.0 200.0 -4000. 0.1170 0 0 0 267.765 2.236 376
Element: 921 0.2 2.5 0.0 0.00050 1556M0 0.0 200.0 -4000. 0.1170 0 0 0 269.834 2.251 392
Element: 922 0.2 2.5 0.0 0.00050 1541M0 0.0 200.0 -4000. 0.1170 0 0 0 271.908 2.268 377
Element: 923 0.2 2.5 0.0 0.00050 1557M0 0.0 200.0 -4000. 0.1170 0 0 0 274.013 2.234 393
Element: 924 0.2 2.5 0.0 0.00050 1542M0 0.0 200.0 -4000. 0.1170 0 0 0 276.073 2.200 378
Element: 925 0.2 2.5 0.0 0.00050 1558M0 0.0 200.0 -4000. 0.1170 0 0 0 278.164 2.215 394
Element: 926 0.2 2.5 0.0 0.00050 1543M0 0.0 200.0 -4000. 0.1170 0 0 0 280.259 2.231 379
Element: 927 0.2 2.5 0.0 0.00050 1559M0 0.0 200.0 -4000. 0.1170 0 0 0 282.359 2.247 395
##
## G 128 - 160  Section IJ
##
Element: 928 0.2 2.5 0.0 0.00050 1560M0 0.0 200.0 -4000. 0.1170 0 0 0 284.464 2.263 396
Element: 929 0.2 2.5 0.0 0.00050 1576M0 0.0 200.0 -4000. 0.1170 0 0 0 286.575 2.279 412
Element: 930 0.2 2.5 0.0 0.00050 1561M0 0.0 200.0 -4000. 0.1170 0 0 0 288.690 2.295 397
Element: 931 0.2 2.5 0.0 0.00050 1577M0 0.0 200.0 -4000. 0.1170 0 0 0 290.810 2.311 413
Element: 932 0.2 2.5 0.0 0.00050 1562M0 0.0 200.0 -4000. 0.1170 0 0 0 292.936 2.327 398
Element: 933 0.2 2.5 0.0 0.00050 1578M0 0.0 200.0 -4000. 0.1170 0 0 0 295.092 2.290 414
Element: 934 0.2 2.5 0.0 0.00050 1563M0 0.0 200.0 -4000. 0.1170 0 0 0 297.200 2.253 399
Element: 935 0.2 2.5 0.0 0.00050 1579M0 0.0 200.0 -4000. 0.1170 0 0 0 299.340 2.269 415
Element: 936 0.2 2.5 0.0 0.00050 1564M0 0.0 200.0 -4000. 0.1170 0 0 0 301.485 2.285 400
Element: 937 0.2 2.5 0.0 0.00050 1580M0 0.0 200.0 -4000. 0.1170 0 0 0 303.634 2.300 416
Element: 938 0.2 2.5 0.0 0.00050 1565M0 0.0 200.0 -4000. 0.1170 0 0 0 305.788 2.317 401
Element: 939 0.2 2.5 0.0 0.00050 1581M0 0.0 200.0 -4000. 0.1170 0 0 0 307.946 2.332 417
Element: 940 0.2 2.5 0.0 0.00050 1566M0 0.0 200.0 -4000. 0.1170 0 0 0 310.109 2.347 402
Element: 941 0.2 2.5 0.0 0.00050 1582M0 0.0 200.0 -4000. 0.1170 0 0 0 312.277 2.364 418
Element: 942 0.2 2.5 0.0 0.00050 1567M0 0.0 200.0 -4000. 0.1170 0 0 0 314.449 2.380 403
Element: 943 0.2 2.5 0.0 0.00050 1583M0 0.0 200.0 -4000. 0.1170 0 0 0 316.625 2.396 419
Element: 944 0.2 2.5 0.0 0.00050 1568M0 0.0 200.0 -4000. 0.1170 0 0 0 318.834 2.356 404
Element: 945 0.2 2.5 0.0 0.00050 1584M0 0.0 200.0 -4000. 0.1170 0 0 0 320.992 2.316 420
Element: 946 0.2 2.5 0.0 0.00050 1569M0 0.0 200.0 -4000. 0.1170 0 0 0 323.182 2.332 405
Element: 947 0.2 2.5 0.0 0.00050 1585M0 0.0 200.0 -4000. 0.1170 0 0 0 325.376 2.346 421
Element: 948 0.2 2.5 0.0 0.00050 1570M0 0.0 200.0 -4000. 0.1170 0 0 0 327.574 2.363 406
Element: 949 0.2 2.5 0.0 0.00050 1586M0 0.0 200.0 -4000. 0.1170 0 0 0 329.777 2.378 422
Element: 950 0.2 2.5 0.0 0.00050 1571M0 0.0 200.0 -4000. 0.1170 0 0 0 331.984 2.394 407
Element: 951 0.2 2.5 0.0 0.00050 1587M0 0.0 200.0 -4000. 0.1170 0 0 0 334.195 2.409 423
Element: 952 0.2 2.5 0.0 0.00050 1572M0 0.0 200.0 -4000. 0.1170 0 0 0 336.410 2.425 408
Element: 953 0.2 2.5 0.0 0.00050 1588M0 0.0 200.0 -4000. 0.1170 0 0 0 338.629 2.441 424
Element: 954 0.2 2.5 0.0 0.00050 1573M0 0.0 200.0 -4000. 0.1170 0 0 0 340.852 2.456 409
Element: 955 0.2 2.5 0.0 0.00050 1589M0 0.0 200.0 -4000. 0.1170 0 0 0 343.108 2.414 425
Element: 956 0.2 2.5 0.0 0.00050 1574M0 0.0 200.0 -4000. 0.1170 0 0 0 345.311 2.371 410
Element: 957 0.2 2.5 0.0 0.00050 1590M0 0.0 200.0 -4000. 0.1170 0 0 0 347.545 2.388 426
Element: 958 0.2 2.5 0.0 0.00050 1575M0 0.0 200.0 -4000. 0.1170 0 0 0 349.784 2.402 411
Element: 959 0.2 2.5 0.0 0.00050 1591M0 0.0 200.0 -4000. 0.1170 0 0 0 352.027 2.418 427
##
## G 160 - 192  Section KL
##
Element: 960 0.2 2.5 0.0 0.00050 1592M0 0.0 200.0 -4000. 0.1170 0 0 0 354.274 2.432 428
Element: 961 0.2 2.5 0.0 0.00050 1608M0 0.0 200.0 -4000. 0.1170 0 0 0 356.524 2.448 444
Element: 962 0.2 2.5 0.0 0.00050 1593M0 0.0 200.0 -4000. 0.1170 0 0 0 358.777 2.464 429
Element: 963 0.2 2.5 0.0 0.00050 1609M0 0.0 200.0 -4000. 0.1170 0 0 0 361.035 2.479 445
Element: 964 0.2 2.5 0.0 0.00050 1594M0 0.0 200.0 -4000. 0.1170 0 0 0 363.296 2.494 430
Element: 965 0.2 2.5 0.0 0.00050 1610M0 0.0 200.0 -4000. 0.1170 0 0 0 365.561 2.509 446
Element: 966 0.2 2.5 0.0 0.00050 1595M0 0.0 200.0 -4000. 0.1170 0 0 0 367.859 2.465 431
Element: 967 0.2 2.5 0.0 0.00050 1611M0 0.0 200.0 -4000. 0.1170 0 0 0 370.101 2.419 447
Element: 968 0.2 2.5 0.0 0.00050 1596M0 0.0 200.0 -4000. 0.1170 0 0 0 372.376 2.433 432
Element: 969 0.2 2.5 0.0 0.00050 1612M0 0.0 200.0 -4000. 0.1170 0 0 0 374.655 2.450 448
Element: 970 0.2 2.5 0.0 0.00050 1597M0 0.0 200.0 -4000. 0.1170 0 0 0 376.937 2.464 433
Element: 971 0.2 2.5 0.0 0.00050 1613M0 0.0 200.0 -4000. 0.1170 0 0 0 379.222 2.479 449
Element: 972 0.2 2.5 0.0 0.00050 1598M0 0.0 200.0 -4000. 0.1170 0 0 0 381.510 2.495 434
Element: 973 0.2 2.5 0.0 0.00050 1614M0 0.0 200.0 -4000. 0.1170 0 0 0 383.802 2.508 450
Element: 974 0.2 2.5 0.0 0.00050 1599M0 0.0 200.0 -4000. 0.1170 0 0 0 386.097 2.525 435
Element: 975 0.2 2.5 0.0 0.00050 1615M0 0.0 200.0 -4000. 0.1170 0 0 0 388.396 2.539 451
Element: 976 0.2 2.5 0.0 0.00050 1600M0 0.0 200.0 -4000. 0.1170 0 0 0 390.697 2.554 436
Element: 977 0.2 2.5 0.0 0.00050 1616M0 0.0 200.0 -4000. 0.1170 0 0 0 393.028 2.516 452
Element: 978 0.2 2.5 0.0 0.00050 1601M0 0.0 200.0 -4000. 0.1170 0 0 0 395.308 2.476 437
Element: 979 0.2 2.5 0.0 0.00050 1617M0 0.0 200.0 -4000. 0.1170 0 0 0 397.618 2.492 453
Element: 980 0.2 2.5 0.0 0.00050 1602M0 0.0 200.0 -4000. 0.1170 0 0 0 399.932 2.506 438
Element: 981 0.2 2.5 0.0 0.00050 1618M0 0.0 200.0 -4000. 0.1170 0 0 0 402.248 2.521 454
Element: 982 0.2 2.5 0.0 0.00050 1603M0 0.0 200.0 -4000. 0.1170 0 0 0 404.566 2.535 439
Element: 983 0.2 2.5 0.0 0.00050 1619M0 0.0 200.0 -4000. 0.1170 0 0 0 406.888 2.550 455
Element: 984 0.2 2.5 0.0 0.00050 1604M0 0.0 200.0 -4000. 0.1170 0 0 0 409.212 2.565 440
Element: 985 0.2 2.5 0.0 0.00050 1620M0 0.0 200.0 -4000. 0.1170 0 0 0 411.540 2.580 456
Element: 986 0.2 2.5 0.0 0.00050 1605M0 0.0 200.0 -4000. 0.1170 0 0 0 413.870 2.594 441
Element: 987 0.2 2.5 0.0 0.00050 1621M0 0.0 200.0 -4000. 0.1170 0 0 0 416.203 2.610 457
Element: 988 0.2 2.5 0.0 0.00050 1606M0 0.0 200.0 -4000. 0.1170 0 0 0 418.571 2.559 442
Element: 989 0.2 2.5 0.0 0.00050 1622M0 0.0 200.0 -4000. 0.1170 0 0 0 420.875 2.507 458
Element: 990 0.2 2.5 0.0 0.00050 1607M0 0.0 200.0 -4000. 0.1170 0 0 0 423.216 2.522 443
Element: 991 0.2 2.5 0.0 0.00050 1623M0 0.0 200.0 -4000. 0.1170 0 0 0 425.558 2.537 459
##
## G 192 - 224  Section MN
##
Element: 992 0.2 2.5 0.0 0.00050 1624M0 0.0 200.0 -4000. 0.1170 0 0 0 427.903 2.551 460
Element: 993 0.2 2.5 0.0 0.00050 1640M0 0.0 200.0 -4000. 0.1170 0 0 0 430.251 2.565 476
Element: 994 0.2 2.5 0.0 0.00050 1625M0 0.0 200.0 -4000. 0.1170 0 0 0 432.601 2.580 461
Element: 995 0.2 2.5 0.0 0.00050 1641M0 0.0 200.0 -4000. 0.1170 0 0 0 434.953 2.594 477
Element: 996 0.2 2.5 0.0 0.00050 1626M0 0.0 200.0 -4000. 0.1170 0 0 0 437.308 2.609 462
Element: 997 0.2 2.5 0.0 0.00050 1642M0 0.0 200.0 -4000. 0.1170 0 0 0 439.665 2.623 478
Element: 998 0.2 2.5 0.0 0.00050 1627M0 0.0 200.0 -4000. 0.1170 0 0 0 442.024 2.637 463
Element: 999 0.2 2.5 0.0 0.00050 1643M0 0.0 200.0 -4000. 0.1170 0 0 0 444.385 2.652 479
Element: 1000 0.2 2.5 0.0 0.00050 1628M0 0.0 200.0 -4000. 0.1170 0 0 0 446.777 2.608 464
Element: 1001 0.2 2.5 0.0 0.00050 1644M0 0.0 200.0 -4000. 0.1170 0 0 0 449.113 2.564 480
Element: 1002 0.2 2.5 0.0 0.00050 1629M0 0.0 200.0 -4000. 0.1170 0 0 0 451.481 2.578 465
Element: 1003 0.2 2.5 0.0 0.00050 1645M0 0.0 200.0 -4000. 0.1170 0 0 0 453.850 2.592 481
Element: 1004 0.2 2.5 0.0 0.00050 1630M0 0.0 200.0 -4000. 0.1170 0 0 0 456.222 2.606 466
Element: 1005 0.2 2.5 0.0 0.00050 1646M0 0.0 200.0 -4000. 0.1170 0 0 0 458.594 2.621 482
Element: 1006 0.2 2.5 0.0 0.00050 1631M0 0.0 200.0 -4000. 0.1170 0 0 0 460.969 2.634 467
Element: 1007 0.2 2.5 0.0 0.00050 1647M0 0.0 200.0 -4000. 0.1170 0 0 0 463.346 2.648 483
Element: 1008 0.2 2.5 0.0 0.00050 1632M0 0.0 200.0 -4000. 0.1170 0 0 0 465.724 2.662 468
Element: 1009 0.2 2.5 0.0 0.00050 1648M0 0.0 200.0 -4000. 0.1170 0 0 0 468.105 2.676 484
Element: 1010 0.2 2.5 0.0 0.00050 1633M0 0.0 200.0 -4000. 0.1170 0 0 0 470.487 2.691 469
Element: 1011 0.2 2.5 0.0 0.00050 1649M0 0.0 200.0 -4000. 0.1170 0 0 0 472.871 2.705 485
Element: 1012 0.2 2.5 0.0 0.00050 1634M0 0.0 200.0 -4000. 0.1170 0 0 0 475.292 2.648 470
Element: 1013 0.2 2.5 0.0 0.00050 1650M0 0.0 200.0 -4000. 0.1170 0 0 0 477.643 2.590 486
Element: 1014 0.2 2.5 0.0 0.00050 1635M0 0.0 200.0 -4000. 0.1170 0 0 0 480.032 2.605 471
Element: 1015 0.2 2.5 0.0 0.00050 1651M0 0.0 200.0 -4000. 0.1170 0 0 0 482.422 2.618 487
Element: 1016 0.2 2.5 0.0 0.00050 1636M0 0.0 200.0 -4000. 0.1170 0 0 0 484.813 2.632 472
Element: 1017 0.2 2.5 0.0 0.00050 1652M0 0.0 200.0 -4000. 0.1170 0 0 0 487.206 2.645 488
Element: 1018 0.2 2.5 0.0 0.00050 1637M0 0.0 200.0 -4000. 0.1170 0 0 0 489.600 2.659 473
Element: 1019 0.2 2.5 0.0 0.00050 1653M0 0.0 200.0 -4000. 0.1170 0 0 0 491.996 2.673 489
Element: 1020 0.2 2.5 0.0 0.00050 1638M0 0.0 200.0 -4000. 0.1170 0 0 0 494.393 2.686 474
Element: 1021 0.2 2.5 0.0 0.00050 1654M0 0.0 200.0 -4000. 0.1170 0 0 0 496.791 2.700 490
Element: 1022 0.2 2.5 0.0 0.00050 1639M0 0.0 200.0 -4000. 0.1170 0 0 0 499.191 2.714 475
Element: 1023 0.2 2.5 0.0 0.00050 1655M0 0.0 200.0 -4000. 0.1170 0 0 0 501.592 2.728 491
##
## G 224 - 256  Section OP
##
Element: 1024 0.2 2.5 0.0 0.00050 1656M0 0.0 200.0 -4000. 0.1170 0 0 0 504.030 2.669 492
Element: 1025 0.2 2.5 0.0 0.00050 1672M0 0.0 200.0 -4000. 0.1170 0 0 0 506.396 2.608 508
Element: 1026 0.2 2.5 0.0 0.00050 1657M0 0.0 200.0 -4000. 0.1170 0 0 0 508.800 2.621 493
Element: 1027 0.2 2.5 0.0 0.00050 1673M0 0.0 200.0 -4000. 0.1170 0 0 0 511.205 2.634 509
Element: 1028 0.2 2.5 0.0 0.00050 1658M0 0.0 200.0 -4000. 0.1170 0 0 0 513.612 2.647 494
Element: 1029 0.2 2.5 0.0 0.00050 1674M0 0.0 200.0 -4000. 0.1170 0 0 0 516.019 2.660 510
Element: 1030 0.2 2.5 0.0 0.00050 1659M0 0.0 200.0 -4000. 0.1170 0 0 0 518.427 2.675 495
Element: 1031 0.2 2.5 0.0 0.00050 1675M0 0.0 200.0 -4000. 0.1170 0 0 0 520.836 2.687 511
Element: 1032 0.2 2.5 0.0 0.00050 1660M0 0.0 200.0 -4000. 0.1170 0 0 0 523.246 2.700 496
Element: 1033 0.2 2.5 0.0 0.00050 1676M0 0.0 200.0 -4000. 0.1170 0 0 0 525.657 2.714 512
Element: 1034 0.2 2.5 0.0 0.00050 1661M0 0.0 200.0 -4000. 0.1170 0 0 0 528.068 2.727 497
Element: 1035 0.2 2.5 0.0 0.00050 1677M0 0.0 200.0 -4000. 0.1170 0 0 0 530.480 2.740 513
Element: 1036 0.2 2.5 0.0 0.00050 1662M0 0.0 200.0 -4000. 0.1170 0 0 0 532.926 2.688 498
Element: 1037 0.2 2.5 0.0 0.00050 1678M0 0.0 200.0 -4000. 0.1170 0 0 0 535.307 2.636 514
Element: 1038 0.2 2.5 0.0 0.00050 1663M0 0.0 200.0 -4000. 0.1170 0 0 0 537.722 2.648 499
Element: 1039 0.2 2.5 0.0 0.00050 1679M0 0.0 200.0 -4000. 0.1170 0 0 0 540.137 2.662 515
Element: 1040 0.2 2.5 0.0 0.00050 1664M0 0.0 200.0 -4000. 0.1170 0 0 0 542.552 2.675 500
Element: 1041 0.2 2.5 0.0 0.00050 1680M0 0.0 200.0 -4000. 0.1170 0 0 0 544.968 2.687 516
Element: 1042 0.2 2.5 0.0 0.00050 1665M0 0.0 200.0 -4000. 0.1170 0 0 0 547.385 2.700 501
Element: 1043 0.2 2.5 0.0 0.00050 1681M0 0.0 200.0 -4000. 0.1170 0 0 0 549.802 2.713 517
Element: 1044 0.2 2.5 0.0 0.00050 1666M0 0.0 200.0 -4000. 0.1170 0 0 0 552.219 2.726 502
Element: 1045 0.2 2.5 0.0 0.00050 1682M0 0.0 200.0 -4000. 0.1170 0 0 0 554.638 2.737 518
Element: 1046 0.2 2.5 0.0 0.00050 1667M0 0.0 200.0 -4000. 0.1170 0 0 0 557.056 2.750 503
Element: 1047 0.2 2.5 0.0 0.00050 1683M0 0.0 200.0 -4000. 0.1170 0 0 0 559.475 2.764 519
Element: 1048 0.2 2.5 0.0 0.00050 1668M0 0.0 200.0 -4000. 0.1170 0 0 0 561.927 2.709 504
Element: 1049 0.2 2.5 0.0 0.00050 1684M0 0.0 200.0 -4000. 0.1170 0 0 0 564.314 2.654 520
Element: 1050 0.2 2.5 0.0 0.00050 1669M0 0.0 200.0 -4000. 0.1170 0 0 0 566.733 2.667 505
Element: 1051 0.2 2.5 0.0 0.00050 1685M0 0.0 200.0 -4000. 0.1170 0 0 0 569.153 2.679 521
Element: 1052 0.2 2.5 0.0 0.00050 1670M0 0.0 200.0 -4000. 0.1170 0 0 0 571.573 2.691 506
Element: 1053 0.2 2.5 0.0 0.00050 1686M0 0.0 200.0 -4000. 0.1170 0 0 0 573.993 2.703 522
Element: 1054 0.2 2.5 0.0 0.00050 1671M0 0.0 200.0 -4000. 0.1170 0 0 0 576.414 2.716 507
Element: 1055 0.2 2.5 0.0 0.00050 1687M0 0.0 200.0 -4000. 0.1170 0 0 0 578.834 2.728 523
##
## G 256 - 288  Section QR
##
Element: 1056 0.2 2.5 0.0 0.00050 1688M0 0.0 200.0 -4000. 0.1170 0 0 0 581.255 2.741 524
Element: 1057 0.2 2.5 0.0 0.00050 1704M0 0.0 200.0 -4000. 0.1170 0 0 0 583.675 2.754 540
Element: 1058 0.2 2.5 0.0 0.00050 1689M0 0.0 200.0 -4000. 0.1170 0 0 0 586.096 2.765 525
Element: 1059 0.2 2.5 0.0 0.00050 1705M0 0.0 200.0 -4000. 0.1170 0 0 0 588.517 2.778 541
Element: 1060 0.2 2.5 0.0 0.00050 1690M0 0.0 200.0 -4000. 0.1170 0 0 0 590.972 2.721 526
Element: 1061 0.2 2.5 0.0 0.00050 1706M0 0.0 200.0 -4000. 0.1170 0 0 0 593.358 2.664 542
Element: 1062 0.2 2.5 0.0 0.00050 1691M0 0.0 200.0 -4000. 0.1170 0 0 0 595.778 2.676 527
Element: 1063 0.2 2.5 0.0 0.00050 1707M0 0.0 200.0 -4000. 0.1170 0 0 0 598.198 2.688 543
Element: 1064 0.2 2.5 0.0 0.00050 1692M0 0.0 200.0 -4000. 0.1170 0 0 0 600.618 2.699 528
Element: 1065 0.2 2.5 0.0 0.00050 1708M0 0.0 200.0 -4000. 0.1170 0 0 0 603.038 2.712 544
Element: 1066 0.2 2.5 0.0 0.00050 1693M0 0.0 200.0 -4000. 0.1170 0 0 0 605.458 2.723 529
Element: 1067 0.2 2.5 0.0 0.00050 1709M0 0.0 200.0 -4000. 0.1170 0 0 0 607.878 2.735 545
Element: 1068 0.2 2.5 0.0 0.00050 1694M0 0.0 200.0 -4000. 0.1170 0 0 0 610.296 2.747 530
Element: 1069 0.2 2.5 0.0 0.00050 1710M0 0.0 200.0 -4000. 0.1170 0 0 0 612.715 2.759 546
Element: 1070 0.2 2.5 0.0 0.00050 1695M0 0.0 200.0 -4000. 0.1170 0 0 0 615.134 2.771 531
Element: 1071 0.2 2.5 0.0 0.00050 1711M0 0.0 200.0 -4000. 0.1170 0 0 0 617.552 2.782 547
Element: 1072 0.2 2.5 0.0 0.00050 1696M0 0.0 200.0 -4000. 0.1170 0 0 0 619.999 2.734 532
Element: 1073 0.2 2.5 0.0 0.00050 1712M0 0.0 200.0 -4000. 0.1170 0 0 0 622.387 2.688 548
Element: 1074 0.2 2.5 0.0 0.00050 1697M0 0.0 200.0 -4000. 0.1170 0 0 0 624.803 2.699 533
Element: 1075 0.2 2.5 0.0 0.00050 1713M0 0.0 200.0 -4000. 0.1170 0 0 0 627.219 2.709 549
Element: 1076 0.2 2.5 0.0 0.00050 1698M0 0.0 200.0 -4000. 0.1170 0 0 0 629.636 2.722 534
Element: 1077 0.2 2.5 0.0 0.00050 1714M0 0.0 200.0 -4000. 0.1170 0 0 0 632.050 2.734 550
Element: 1078 0.2 2.5 0.0 0.00050 1699M0 0.0 200.0 -4000. 0.1170 0 0 0 634.464 2.744 535
Element: 1079 0.2 2.5 0.0 0.00050 1715M0 0.0 200.0 -4000. 0.1170 0 0 0 636.879 2.756 551
Element: 1080 0.2 2.5 0.0 0.00050 1700M0 0.0 200.0 -4000. 0.1170 0 0 0 639.292 2.768 536
Element: 1081 0.2 2.5 0.0 0.00050 1716M0 0.0 200.0 -4000. 0.1170 0 0 0 641.705 2.779 552
Element: 1082 0.2 2.5 0.0 0.00050 1701M0 0.0 200.0 -4000. 0.1170 0 0 0 644.117 2.791 537
Element: 1083 0.2 2.5 0.0 0.00050 1717M0 0.0 200.0 -4000. 0.1170 0 0 0 646.528 2.801 553
Element: 1084 0.2 2.5 0.0 0.00050 1702M0 0.0 200.0 -4000. 0.1170 0 0 0 648.975 2.740 538
Element: 1085 0.2 2.5 0.0 0.00050 1718M0 0.0 200.0 -4000. 0.1170 0 0 0 651.349 2.678 554
Element: 1086 0.2 2.5 0.0 0.00050 1703M0 0.0 200.0 -4000. 0.1170 0 0 0 653.759 2.689 539
Element: 1087 0.2 2.5 0.0 0.00050 1719M0 0.0 200.0 -4000. 0.1170 0 0 0 656.167 2.700 555
##
## G 288 - 320  Section ST
##
Element: 1088 0.2 2.5 0.0 0.00050 1720M0 0.0 200.0 -4000. 0.1170 0 0 0 658.575 2.712 556
Element: 1089 0.2 2.5 0.0 0.00050 1736M0 0.0 200.0 -4000. 0.1170 0 0 0 660.981 2.722 572
Element: 1090 0.2 2.5 0.0 0.00050 1721M0 0.0 200.0 -4000. 0.1170 0 0 0 663.387 2.733 557
Element: 1091 0.2 2.5 0.0 0.00050 1737M0 0.0 200.0 -4000. 0.1170 0 0 0 665.792 2.745 573
Element: 1092 0.2 2.5 0.0 0.00050 1722M0 0.0 200.0 -4000. 0.1170 0 0 0 668.196 2.755 558
Element: 1093 0.2 2.5 0.0 0.00050 1738M0 0.0 200.0 -4000. 0.1170 0 0 0 670.599 2.766 574
Element: 1094 0.2 2.5 0.0 0.00050 1723M0 0.0 200.0 -4000. 0.1170 0 0 0 673.002 2.777 559
Element: 1095 0.2 2.5 0.0 0.00050 1739M0 0.0 200.0 -4000. 0.1170 0 0 0 675.403 2.788 575
Element: 1096 0.2 2.5 0.0 0.00050 1724M0 0.0 200.0 -4000. 0.1170 0 0 0 677.834 2.737 560
Element: 1097 0.2 2.5 0.0 0.00050 1740M0 0.0 200.0 -4000. 0.1170 0 0 0 680.202 2.685 576
Element: 1098 0.2 2.5 0.0 0.00050 1725M0 0.0 200.0 -4000. 0.1170 0 0 0 682.600 2.696 561
Element: 1099 0.2 2.5 0.0 0.00050 1741M0 0.0 200.0 -4000. 0.1170 0 0 0 684.998 2.706 577
Element: 1100 0.2 2.5 0.0 0.00050 1726M0 0.0 200.0 -4000. 0.1170 0 0 0 687.394 2.716 562
Element: 1101 0.2 2.5 0.0 0.00050 1742M0 0.0 200.0 -4000. 0.1170 0 0 0 689.788 2.728 578
Element: 1102 0.2 2.5 0.0 0.00050 1727M0 0.0 200.0 -4000. 0.1170 0 0 0 692.182 2.737 563
Element: 1103 0.2 2.5 0.0 0.00050 1743M0 0.0 200.0 -4000. 0.1170 0 0 0 694.575 2.748 579
Element: 1104 0.2 2.5 0.0 0.00050 1728M0 0.0 200.0 -4000. 0.1170 0 0 0 696.967 2.758 564
Element: 1105 0.2 2.5 0.0 0.00050 1744M0 0.0 200.0 -4000. 0.1170 0 0 0 699.357 2.769 580
Element: 1106 0.2 2.5 0.0 0.00050 1729M0 0.0 200.0 -4000. 0.1170 0 0 0 701.746 2.779 565
Element: 1107 0.2 2.5 0.0 0.00050 1745M0 0.0 200.0 -4000. 0.1170 0 0 0 704.134 2.791 581
Element: 1108 0.2 2.5 0.0 0.00050 1730M0 0.0 200.0 -4000. 0.1170 0 0 0 706.552 2.736 566
Element: 1109 0.2 2.5 0.0 0.00050 1746M0 0.0 200.0 -4000. 0.1170 0 0 0 708.906 2.683 582
Element: 1110 0.2 2.5 0.0 0.00050 1731M0 0.0 200.0 -4000. 0.1170 0 0 0 711.289 2.694 567
Element: 1111 0.2 2.5 0.0 0.00050 1747M0 0.0 200.0 -4000. 0.1170 0 0 0 713.672 2.704 583
Element: 1112 0.2 2.5 0.0 0.00050 1732M0 0.0 200.0 -4000. 0.1170 0 0 0 716.053 2.714 568
Element: 1113 0.2 2.5 0.0 0.00050 1748M0 0.0 200.0 -4000. 0.1170 0 0 0 718.433 2.724 584
Element: 1114 0.2 2.5 0.0 0.00050 1733M0 0.0 200.0 -4000. 0.1170 0 0 0 720.812 2.734 569
Element: 1115 0.2 2.5 0.0 0.00050 1749M0 0.0 200.0 -4000. 0.1170 0 0 0 723.189 2.744 585
Element: 1116 0.2 2.5 0.0 0.00050 1734M0 0.0 200.0 -4000. 0.1170 0 0 0 725.565 2.755 570
Element: 1117 0.2 2.5 0.0 0.00050 1750M0 0.0 200.0 -4000. 0.1170 0 0 0 727.939 2.763 586
Element: 1118 0.2 2.5 0.0 0.00050 1735M0 0.0 200.0 -4000. 0.1170 0 0 0 730.313 2.774 571
Element: 1119 0.2 2.5 0.0 0.00050 1751M0 0.0 200.0 -4000. 0.1170 0 0 0 732.684 2.783 587
##
## G 320 - 352  Section UV
##
Element: 1120 0.2 2.5 0.0 0.00050 1752M0 0.0 200.0 -4000. 0.1170 0 0 0 735.054 2.794 588
Element: 1121 0.2 2.5 0.0 0.00050 1768M0 0.0 200.0 -4000. 0.1170 0 0 0 737.455 2.738 604
Element: 1122 0.2 2.5 0.0 0.00050 1753M0 0.0 200.0 -4000. 0.1170 0 0 0 739.789 2.684 589
Element: 1123 0.2 2.5 0.0 0.00050 1769M0 0.0 200.0 -4000. 0.1170 0 0 0 742.155 2.693 605
Element: 1124 0.2 2.5 0.0 0.00050 1754M0 0.0 200.0 -4000. 0.1170 0 0 0 744.518 2.703 590
Element: 1125 0.2 2.5 0.0 0.00050 1770M0 0.0 200.0 -4000. 0.1170 0 0 0 746.881 2.712 606
Element: 1126 0.2 2.5 0.0 0.00050 1755M0 0.0 200.0 -4000. 0.1170 0 0 0 749.242 2.722 591
Element: 1127 0.2 2.5 0.0 0.00050 1771M0 0.0 200.0 -4000. 0.1170 0 0 0 751.601 2.731 607
Element: 1128 0.2 2.5 0.0 0.00050 1756M0 0.0 200.0 -4000. 0.1170 0 0 0 753.958 2.740 592
Element: 1129 0.2 2.5 0.0 0.00050 1772M0 0.0 200.0 -4000. 0.1170 0 0 0 756.314 2.750 608
Element: 1130 0.2 2.5 0.0 0.00050 1757M0 0.0 200.0 -4000. 0.1170 0 0 0 758.668 2.760 593
Element: 1131 0.2 2.5 0.0 0.00050 1773M0 0.0 200.0 -4000. 0.1170 0 0 0 761.021 2.769 609
Element: 1132 0.2 2.5 0.0 0.00050 1758M0 0.0 200.0 -4000. 0.1170 0 0 0 763.372 2.779 594
Element: 1133 0.2 2.5 0.0 0.00050 1774M0 0.0 200.0 -4000. 0.1170 0 0 0 765.721 2.789 610
Element: 1134 0.2 2.5 0.0 0.00050 1759M0 0.0 200.0 -4000. 0.1170 0 0 0 768.102 2.731 595
Element: 1135 0.2 2.5 0.0 0.00050 1775M0 0.0 200.0 -4000. 0.1170 0 0 0 770.415 2.674 611
Element: 1136 0.2 2.5 0.0 0.00050 1760M0 0.0 200.0 -4000. 0.1170 0 0 0 772.758 2.684 596
Element: 1137 0.2 2.5 0.0 0.00050 1776M0 0.0 200.0 -4000. 0.1170 0 0 0 775.101 2.693 612
Element: 1138 0.2 2.5 0.0 0.00050 1761M0 0.0 200.0 -4000. 0.1170 0 0 0 777.442 2.702 597
Element: 1139 0.2 2.5 0.0 0.00050 1777M0 0.0 200.0 -4000. 0.1170 0 0 0 779.780 2.711 613
Element: 1140 0.2 2.5 0.0 0.00050 1762M0 0.0 200.0 -4000. 0.1170 0 0 0 782.117 2.720 598
Element: 1141 0.2 2.5 0.0 0.00050 1778M0 0.0 200.0 -4000. 0.1170 0 0 0 784.452 2.729 614
Element: 1142 0.2 2.5 0.0 0.00050 1763M0 0.0 200.0 -4000. 0.1170 0 0 0 786.786 2.738 599
Element: 1143 0.2 2.5 0.0 0.00050 1779M0 0.0 200.0 -4000. 0.1170 0 0 0 789.117 2.747 615
Element: 1144 0.2 2.5 0.0 0.00050 1764M0 0.0 200.0 -4000. 0.1170 0 0 0 791.446 2.757 600
Element: 1145 0.2 2.5 0.0 0.00050 1780M0 0.0 200.0 -4000. 0.1170 0 0 0 793.774 2.765 616
Element: 1146 0.2 2.5 0.0 0.00050 1765M0 0.0 200.0 -4000. 0.1170 0 0 0 796.100 2.774 601
Element: 1147 0.2 2.5 0.0 0.00050 1781M0 0.0 200.0 -4000. 0.1170 0 0 0 798.458 2.715 617
Element: 1148 0.2 2.5 0.0 0.00050 1766M0 0.0 200.0 -4000. 0.1170 0 0 0 800.746 2.657 602
Element: 1149 0.2 2.5 0.0 0.00050 1782M0 0.0 200.0 -4000. 0.1170 0 0 0 803.067 2.665 618
Element: 1150 0.2 2.5 0.0 0.00050 1767M0 0.0 200.0 -4000. 0.1170 0 0 0 805.385 2.675 603
Element: 1151 0.2 2.5 0.0 0.00050 1783M0 0.0 200.0 -4000. 0.1170 0 0 0 807.702 2.682 619
Initialise: 
Display: 1D Nhits       32 0 32
Display: 1D NhitsPrompt 32 0 32
Display: 1D NhitsRand   32 0 32
Display: 1D Hits        352 0 352
Display: 1D HitsPrompt  352 0 352
Display: 1D HitsRand    352 0 352
Display: 1D EnergyOR    200 0 2.5
Display: 1D TimeOR     1000 0.0 200.0
#Display: 1D Energy 100 0 2.5   0 352
#Display: 1D Time  1000 0.0 200.0   0 352
Display: 1D Eelect   1000 0 855.3
Display: 1D ScalerCurr 352 0 352
Display: 1D ScalerAcc  352 0 352
Display: 1D Doubles  	352 0 352
Display: 1D NDoubles  	32 0 32
Display: 2D EnergyOR 100 0 2.5 -1 Hits 352 0 352 -1
Display: 2D EnergyOR 100 0 2.5 -1 Doubles 352 0 352 -1
Display: 2D TimeOR   200 0.0 200.0 -1 Hits 352 0 352 -1
Display: 2D TimeOR   200 0.0 200.0 -1 Doubles 352 0 352 -1
