##     Offset-Scalers AcquRoot Detector file
##     Macro ScalerOffset, J.R.M. Annand, 28th March 2007
##     Aligned-TDC AcquRoot Detector file
##     Generated by macro AlignTDC.C, J.R.M. Annand, 28th March 2007
##     Aligned-TDC AcquRoot Detector file
##     Generated by macro AlignTDC.C, J.R.M. Annand, 28th March 2007
##  Auto-Generated Tagger-Ladder Config File
##  ROOT Macro LadderGen.C
##	#FP	Energy?	Time?	Pos?
Size:	352	0	1	1
##
##	Scalers	Calib	Overlap	Micro	#trig	Toff	Tres
Misc:	1	1	1	0	0	0.0	5.0
Window:   46. 56. 60.  80.
Window:   46. 56. 140. 160.
##
## G 0 - 32  Section AB
##
Element: 816 0.2 2.5 0.0 0.00050 1438M0 -100 100 -1511 0.1170 0 0 0 106.1 0.0 24
Element: 800 0.2 2.5 0.0 0.00050 1432M0 -100 100 -1517 0.1170 0 0 0 108.1 0.0 12
Element: 817 0.2 2.5 0.0 0.00050 1454M0 -100 100 -1530 0.1170 0 0 0 110.1 0.0 25
Element: 801 0.2 2.5 0.0 0.00050 1448M0 -100 100 -1534 0.1170 0 0 0 112.2 0.0 13
Element: 818 0.2 2.5 0.0 0.00050 1439M0 -100 100 -1517 0.1170 0 0 0 114.4 0.0 26
Element: 802 0.2 2.5 0.0 0.00050 1433M0 -100 100 -1525 0.1170 0 0 0 116.7 0.0 14
Element: 819 0.2 2.5 0.0 0.00050 1455M0 -100 100 -1528 0.1170 0 0 0 119.0 0.0 27
Element: 803 0.2 2.5 0.0 0.00050 1449M0 -100 100 -1529 0.1170 0 0 0 121.5 0.0 15
Element: 820 0.2 2.5 0.0 0.00050 1440M0 -100 100 -1527 0.1170 0 0 0 124.0 0.0 28
Element: 804 0.2 2.5 0.0 0.00050 1434M0 -100 100 -1527 0.1170 0 0 0 126.7 0.0 16
Element: 821 0.2 2.5 0.0 0.00050 1456M0 -100 100 -1516 0.1170 0 0 0 129.4 0.0 29
Element: 805 0.2 2.5 0.0 0.00050 1450M0 -100 100 -1521 0.1170 0 0 0 132.2 0.0 17
Element: 822 0.2 2.5 0.0 0.00050 1441M0 -100 100 -1528 0.1170 0 0 0 135.0 0.0 30
Element: 806 0.2 2.5 0.0 0.00050 1435M0 -100 100 -1528 0.1170 0 0 0 137.9 0.0 18
Element: 823 0.2 2.5 0.0 0.00050 1457M0 -100 100 -1522 0.1170 0 0 0 140.9 0.0 31
Element: 807 0.2 2.5 0.0 0.00050 1451M0 -100 100 -1522 0.1170 0 0 0 144.0 0.0 19
Element: 824 0.2 2.5 0.0 0.00050 1442M0 -100 100 -1510 0.1170 0 0 0 147.0 0.0 32
Element: 808 0.2 2.5 0.0 0.00050 1436M0 -100 100 -1530 0.1170 0 0 0 150.2 0.0 20
Element: 825 0.2 2.5 0.0 0.00050 1458M0 -100 100 -1533 0.1170 0 0 0 153.3 0.0 33
Element: 809 0.2 2.5 0.0 0.00050 1452M0 -100 100 -1533 0.1170 0 0 0 156.5 0.0 21
Element: 826 0.2 2.5 0.0 0.00050 1443M0 -100 100 -1465 0.1170 0 0 0 159.7 0.0 34
Element: 810 0.2 2.5 0.0 0.00050 1437M0 -100 100 -1520 0.1170 0 0 0 162.8 0.0 22
Element: 827 0.2 2.5 0.0 0.00050 1459M0 -100 100 -1472 0.1170 0 0 0 166.0 0.0 35
Element: 811 0.2 2.5 0.0 0.00050 1453M0 -100 100 -1531 0.1170 0 0 0 169.2 0.0 23
#
Element: 828 0.2 2.5 0.0 0.00050 1444M0 -100 100 -1536 0.1170 0 0 0 172.3 0.0 36
Element: 829 0.2 2.5 0.0 0.00050 1460M0 -100 100 -1518 0.1170 0 0 0 175.3 0.0 37
Element: 830 0.2 2.5 0.0 0.00050 1445M0 -100 100 -1488 0.1170 0 0 0 178.4 0.0 38
Element: 831 0.2 2.5 0.0 0.00050 1461M0 -100 100 -1519 0.1170 0 0 0 181.3 0.0 39
#
Element: 812 0.2 2.5 0.0 0.00050 1446M0 -100 100 -1514 0.1170 0 0 0 184.3 0.0 40
Element: 813 0.2 2.5 0.0 0.00050 1462M0 -100 100 -1517 0.1170 0 0 0 187.1 0.0 41
Element: 814 0.2 2.5 0.0 0.00050 1447M0 -100 100 -1518 0.1170 0 0 0 190.0 0.0 42
Element: 815 0.2 2.5 0.0 0.00050 1463M0 -100 100 -1518 0.1170 0 0 0 192.8 0.0 43
##
## G 32 - 64  Section CD
##
Element: 832 0.2 2.5 0.0 0.00050 1464M0 -100 100 -1536 0.1170 0 0 0 195.5 0.0 44
Element: 833 0.2 2.5 0.0 0.00050 1480M0 -100 100 -1541 0.1170 0 0 0 198.2 0.0 45
Element: 834 0.2 2.5 0.0 0.00050 1465M0 -100 100 -1537 0.1170 0 0 0 200.9 0.0 46
Element: 835 0.2 2.5 0.0 0.00050 1481M0 -100 100 -1538 0.1170 0 0 0 203.7 0.0 47
Element: 836 0.2 2.5 0.0 0.00050 1466M0 -100 100 -1542 0.1170 0 0 0 206.4 0.0 48
Element: 837 0.2 2.5 0.0 0.00050 1482M0 -100 100 -1533 0.1170 0 0 0 209.2 0.0 49
Element: 838 0.2 2.5 0.0 0.00050 1467M0 -100 100 -1531 0.1170 0 0 0 212.0 0.0 50
Element: 839 0.2 2.5 0.0 0.00050 1483M0 -100 100 -1535 0.1170 0 0 0 214.8 0.0 51
Element: 840 0.2 2.5 0.0 0.00050 1468M0 -100 100 -1542 0.1170 0 0 0 217.6 0.0 52
Element: 841 0.2 2.5 0.0 0.00050 1484M0 -100 100 -1539 0.1170 0 0 0 220.4 0.0 53
Element: 842 0.2 2.5 0.0 0.00050 1469M0 -100 100 -1529 0.1170 0 0 0 223.2 0.0 54
Element: 843 0.2 2.5 0.0 0.00050 1485M0 -100 100 -1538 0.1170 0 0 0 226.1 0.0 55
Element: 844 0.2 2.5 0.0 0.00050 1470M0 -100 100 -1529 0.1170 0 0 0 228.9 0.0 56
Element: 845 0.2 2.5 0.0 0.00050 1486M0 -100 100 -1537 0.1170 0 0 0 231.8 0.0 57
Element: 846 0.2 2.5 0.0 0.00050 1471M0 -100 100 -1529 0.1170 0 0 0 234.7 0.0 58
Element: 847 0.2 2.5 0.0 0.00050 1487M0 -100 100 -1539 0.1170 0 0 0 237.5 0.0 59
Element: 848 0.2 2.5 0.0 0.00050 1472M0 -100 100 -1521 0.1170 0 0 0 240.5 0.0 60
Element: 849 0.2 2.5 0.0 0.00050 1488M0 -100 100 -1517 0.1170 0 0 0 243.3 0.0 61
Element: 850 0.2 2.5 0.0 0.00050 1473M0 -100 100 -1525 0.1170 0 0 0 246.3 0.0 62
Element: 851 0.2 2.5 0.0 0.00050 1489M0 -100 100 -1514 0.1170 0 0 0 249.2 0.0 63
Element: 852 0.2 2.5 0.0 0.00050 1474M0 -100 100 -1531 0.1170 0 0 0 252.1 0.0 64
Element: 853 0.2 2.5 0.0 0.00050 1490M0 -100 100 -1515 0.1170 0 0 0 255.1 0.0 65
Element: 854 0.2 2.5 0.0 0.00050 1475M0 -100 100 -1530 0.1170 0 0 0 258.0 0.0 66
Element: 855 0.2 2.5 0.0 0.00050 1491M0 -100 100 -1529 0.1170 0 0 0 261.0 0.0 67
Element: 856 0.2 2.5 0.0 0.00050 1476M0 -100 100 -1532 0.1170 0 0 0 264.0 0.0 68
Element: 857 0.2 2.5 0.0 0.00050 1492M0 -100 100 -1511 0.1170 0 0 0 267.0 0.0 69
Element: 858 0.2 2.5 0.0 0.00050 1477M0 -100 100 -1528 0.1170 0 0 0 270.0 0.0 70
Element: 859 0.2 2.5 0.0 0.00050 1493M0 -100 100 -1516 0.1170 0 0 0 273.0 0.0 71
Element: 860 0.2 2.5 0.0 0.00050 1478M0 -100 100 -1510 0.1170 0 0 0 276.0 0.0 72
Element: 861 0.2 2.5 0.0 0.00050 1494M0 -100 100 -1520 0.1170 0 0 0 279.1 0.0 73
Element: 862 0.2 2.5 0.0 0.00050 1479M0 -100 100 -1531 0.1170 0 0 0 282.1 0.0 74
Element: 863 0.2 2.5 0.0 0.00050 1495M0 -100 100 -1517 0.1170 0 0 0 285.2 0.0 75
##
## G 64 - 96  Section EF
##
Element: 864 0.2 2.5 0.0 0.00050 1496M0 -100 100 -1523 0.1170 0 0 0 288.3 0.0 76
Element: 865 0.2 2.5 0.0 0.00050 1512M0 -100 100 -1520 0.1170 0 0 0 291.4 0.0 77
Element: 866 0.2 2.5 0.0 0.00050 1497M0 -100 100 -1527 0.1170 0 0 0 294.5 0.0 78
Element: 867 0.2 2.5 0.0 0.00050 1513M0 -100 100 -1531 0.1170 0 0 0 297.6 0.0 79
Element: 868 0.2 2.5 0.0 0.00050 1498M0 -100 100 -1515 0.1170 0 0 0 300.7 0.0 80
Element: 869 0.2 2.5 0.0 0.00050 1514M0 -100 100 -1524 0.1170 0 0 0 303.8 0.0 81
Element: 870 0.2 2.5 0.0 0.00050 1499M0 -100 100 -1526 0.1170 0 0 0 307.0 0.0 82
Element: 871 0.2 2.5 0.0 0.00050 1515M0 -100 100 -1528 0.1170 0 0 0 310.1 0.0 83
Element: 872 0.2 2.5 0.0 0.00050 1500M0 -100 100 -1524 0.1170 0 0 0 313.3 0.0 84
Element: 873 0.2 2.5 0.0 0.00050 1516M0 -100 100 -1517 0.1170 0 0 0 316.5 0.0 85
Element: 874 0.2 2.5 0.0 0.00050 1501M0 -100 100 -1514 0.1170 0 0 0 319.7 0.0 86
Element: 875 0.2 2.5 0.0 0.00050 1517M0 -100 100 -1530 0.1170 0 0 0 322.9 0.0 87
Element: 876 0.2 2.5 0.0 0.00050 1502M0 -100 100 -1522 0.1170 0 0 0 326.1 0.0 88
Element: 877 0.2 2.5 0.0 0.00050 1518M0 -100 100 -1525 0.1170 0 0 0 329.3 0.0 89
Element: 878 0.2 2.5 0.0 0.00050 1503M0 -100 100 -1523 0.1170 0 0 0 332.6 0.0 90
Element: 879 0.2 2.5 0.0 0.00050 1519M0 -100 100 -1532 0.1170 0 0 0 335.8 0.0 91
Element: 880 0.2 2.5 0.0 0.00050 1504M0 -100 100 -1510 0.1170 0 0 0 339.1 0.0 92
Element: 881 0.2 2.5 0.0 0.00050 1520M0 -100 100 -1517 0.1170 0 0 0 342.3 0.0 93
Element: 882 0.2 2.5 0.0 0.00050 1505M0 -100 100 -1526 0.1170 0 0 0 345.6 0.0 94
Element: 883 0.2 2.5 0.0 0.00050 1521M0 -100 100 -1517 0.1170 0 0 0 348.9 0.0 95
Element: 884 0.2 2.5 0.0 0.00050 1506M0 -100 100 -1529 0.1170 0 0 0 352.2 0.0 96
Element: 885 0.2 2.5 0.0 0.00050 1522M0 -100 100 -1516 0.1170 0 0 0 355.6 0.0 97
Element: 886 0.2 2.5 0.0 0.00050 1507M0 -100 100 -1513 0.1170 0 0 0 358.9 0.0 98
Element: 887 0.2 2.5 0.0 0.00050 1523M0 -100 100 -1521 0.1170 0 0 0 362.2 0.0 99
Element: 888 0.2 2.5 0.0 0.00050 1508M0 -100 100 -1531 0.1170 0 0 0 365.6 0.0 100
Element: 889 0.2 2.5 0.0 0.00050 1524M0 -100 100 -1516 0.1170 0 0 0 368.9 0.0 101
Element: 890 0.2 2.5 0.0 0.00050 1509M0 -100 100 -1512 0.1170 0 0 0 372.3 0.0 102
Element: 891 0.2 2.5 0.0 0.00050 1525M0 -100 100 -1512 0.1170 0 0 0 375.7 0.0 103
Element: 892 0.2 2.5 0.0 0.00050 1510M0 -100 100 -1509 0.1170 0 0 0 379.1 0.0 104
Element: 893 0.2 2.5 0.0 0.00050 1526M0 -100 100 -1508 0.1170 0 0 0 382.5 0.0 105
Element: 894 0.2 2.5 0.0 0.00050 1511M0 -100 100 -1507 0.1170 0 0 0 385.9 0.0 106
Element: 895 0.2 2.5 0.0 0.00050 1527M0 -100 100 -1500 0.1170 0 0 0 389.3 0.0 107
##
## G 96 - 128  Section GH
##
Element: 896 0.2 2.5 0.0 0.00050 1528M0 -100 100 -1472 0.1170 0 0 0 392.8 0.0 108
Element: 897 0.2 2.5 0.0 0.00050 1544M0 -100 100 -1513 0.1170 0 0 0 396.2 0.0 109
Element: 898 0.2 2.5 0.0 0.00050 1529M0 -100 100 -1508 0.1170 0 0 0 399.7 0.0 110
Element: 899 0.2 2.5 0.0 0.00050 1545M0 -100 100 -1515 0.1170 0 0 0 403.2 0.0 111
Element: 900 0.2 2.5 0.0 0.00050 1530M0 -100 100 -1503 0.1170 0 0 0 406.6 0.0 112
Element: 901 0.2 2.5 0.0 0.00050 1546M0 -100 100 -1512 0.1170 0 0 0 410.1 0.0 113
Element: 902 0.2 2.5 0.0 0.00050 1531M0 -100 100 -1501 0.1170 0 0 0 413.6 0.0 114
Element: 903 0.2 2.5 0.0 0.00050 1547M0 -100 100 -1507 0.1170 0 0 0 417.2 0.0 115
Element: 904 0.2 2.5 0.0 0.00050 1532M0 -100 100 -1504 0.1170 0 0 0 420.7 0.0 116
Element: 905 0.2 2.5 0.0 0.00050 1548M0 -100 100 -1514 0.1170 0 0 0 424.2 0.0 117
Element: 906 0.2 2.5 0.0 0.00050 1533M0 -100 100 -1507 0.1170 0 0 0 427.7 0.0 118
Element: 907 0.2 2.5 0.0 0.00050 1549M0 -100 100 -1499 0.1170 0 0 0 431.3 0.0 119
Element: 908 0.2 2.5 0.0 0.00050 1534M0 -100 100 -1496 0.1170 0 0 0 434.9 0.0 120
Element: 909 0.2 2.5 0.0 0.00050 1550M0 -100 100 -1504 0.1170 0 0 0 438.4 0.0 121
Element: 910 0.2 2.5 0.0 0.00050 1535M0 -100 100 -1493 0.1170 0 0 0 442.0 0.0 122
Element: 911 0.2 2.5 0.0 0.00050 1551M0 -100 100 -1510 0.1170 0 0 0 445.6 0.0 123
Element: 912 0.2 2.5 0.0 0.00050 1536M0 -100 100 -1507 0.1170 0 0 0 449.2 0.0 124
Element: 913 0.2 2.5 0.0 0.00050 1552M0 -100 100 -1491 0.1170 0 0 0 452.9 0.0 125
Element: 914 0.2 2.5 0.0 0.00050 1537M0 -100 100 -1509 0.1170 0 0 0 456.5 0.0 126
Element: 915 0.2 2.5 0.0 0.00050 1553M0 -100 100 -1491 0.1170 0 0 0 460.1 0.0 127
Element: 916 0.2 2.5 0.0 0.00050 1538M0 -100 100 -1506 0.1170 0 0 0 463.7 0.0 128
Element: 917 0.2 2.5 0.0 0.00050 1554M0 -100 100 -1499 0.1170 0 0 0 467.4 0.0 129
Element: 918 0.2 2.5 0.0 0.00050 1539M0 -100 100 -1499 0.1170 0 0 0 471.1 0.0 130
Element: 919 0.2 2.5 0.0 0.00050 1555M0 -100 100 -1501 0.1170 0 0 0 474.7 0.0 131
Element: 920 0.2 2.5 0.0 0.00050 1540M0 -100 100 -1510 0.1170 0 0 0 478.4 0.0 132
Element: 921 0.2 2.5 0.0 0.00050 1556M0 -100 100 -1494 0.1170 0 0 0 482.1 0.0 133
Element: 922 0.2 2.5 0.0 0.00050 1541M0 -100 100 -1500 0.1170 0 0 0 485.8 0.0 134
Element: 923 0.2 2.5 0.0 0.00050 1557M0 -100 100 -1490 0.1170 0 0 0 489.6 0.0 135
Element: 924 0.2 2.5 0.0 0.00050 1542M0 -100 100 -1496 0.1170 0 0 0 493.2 0.0 136
Element: 925 0.2 2.5 0.0 0.00050 1558M0 -100 100 -1497 0.1170 0 0 0 497.0 0.0 137
Element: 926 0.2 2.5 0.0 0.00050 1543M0 -100 100 -1505 0.1170 0 0 0 500.7 0.0 138
Element: 927 0.2 2.5 0.0 0.00050 1559M0 -100 100 -1496 0.1170 0 0 0 504.5 0.0 139
##
## G 128 - 160  Section IJ
##
Element: 928 0.2 2.5 0.0 0.00050 1560M0 -100 100 -1473 0.1170 0 0 0 508.2 0.0 140
Element: 929 0.2 2.5 0.0 0.00050 1576M0 -100 100 -1483 0.1170 0 0 0 512.0 0.0 141
Element: 930 0.2 2.5 0.0 0.00050 1561M0 -100 100 -1484 0.1170 0 0 0 515.8 0.0 142
Element: 931 0.2 2.5 0.0 0.00050 1577M0 -100 100 -1482 0.1170 0 0 0 519.5 0.0 143
Element: 932 0.2 2.5 0.0 0.00050 1562M0 -100 100 -1489 0.1170 0 0 0 523.3 0.0 144
Element: 933 0.2 2.5 0.0 0.00050 1578M0 -100 100 -1483 0.1170 0 0 0 527.2 0.0 145
Element: 934 0.2 2.5 0.0 0.00050 1563M0 -100 100 -1481 0.1170 0 0 0 530.9 0.0 146
Element: 935 0.2 2.5 0.0 0.00050 1579M0 -100 100 -1483 0.1170 0 0 0 534.8 0.0 147
Element: 936 0.2 2.5 0.0 0.00050 1564M0 -100 100 -1484 0.1170 0 0 0 538.6 0.0 148
Element: 937 0.2 2.5 0.0 0.00050 1580M0 -100 100 -1482 0.1170 0 0 0 542.4 0.0 149
Element: 938 0.2 2.5 0.0 0.00050 1565M0 -100 100 -1481 0.1170 0 0 0 546.3 0.0 150
Element: 939 0.2 2.5 0.0 0.00050 1581M0 -100 100 -1484 0.1170 0 0 0 550.1 0.0 151
Element: 940 0.2 2.5 0.0 0.00050 1566M0 -100 100 -1477 0.1170 0 0 0 554.0 0.0 152
Element: 941 0.2 2.5 0.0 0.00050 1582M0 -100 100 -1481 0.1170 0 0 0 557.9 0.0 153
Element: 942 0.2 2.5 0.0 0.00050 1567M0 -100 100 -1475 0.1170 0 0 0 561.7 0.0 154
Element: 943 0.2 2.5 0.0 0.00050 1583M0 -100 100 -1484 0.1170 0 0 0 565.6 0.0 155
Element: 944 0.2 2.5 0.0 0.00050 1568M0 -100 100 -1478 0.1170 0 0 0 569.6 0.0 156
Element: 945 0.2 2.5 0.0 0.00050 1584M0 -100 100 -1475 0.1170 0 0 0 573.4 0.0 157
Element: 946 0.2 2.5 0.0 0.00050 1569M0 -100 100 -1478 0.1170 0 0 0 577.3 0.0 158
Element: 947 0.2 2.5 0.0 0.00050 1585M0 -100 100 -1470 0.1170 0 0 0 581.2 0.0 159
Element: 948 0.2 2.5 0.0 0.00050 1570M0 -100 100 -1481 0.1170 0 0 0 585.2 0.0 160
Element: 949 0.2 2.5 0.0 0.00050 1586M0 -100 100 -1477 0.1170 0 0 0 589.1 0.0 161
Element: 950 0.2 2.5 0.0 0.00050 1571M0 -100 100 -1479 0.1170 0 0 0 593.0 0.0 162
Element: 951 0.2 2.5 0.0 0.00050 1587M0 -100 100 -1476 0.1170 0 0 0 597.0 0.0 163
Element: 952 0.2 2.5 0.0 0.00050 1572M0 -100 100 -1480 0.1170 0 0 0 600.9 0.0 164
Element: 953 0.2 2.5 0.0 0.00050 1588M0 -100 100 -1471 0.1170 0 0 0 604.9 0.0 165
Element: 954 0.2 2.5 0.0 0.00050 1573M0 -100 100 -1476 0.1170 0 0 0 608.8 0.0 166
Element: 955 0.2 2.5 0.0 0.00050 1589M0 -100 100 -1486 0.1170 0 0 0 612.9 0.0 167
Element: 956 0.2 2.5 0.0 0.00050 1574M0 -100 100 -1470 0.1170 0 0 0 616.8 0.0 168
Element: 957 0.2 2.5 0.0 0.00050 1590M0 -100 100 -1466 0.1170 0 0 0 620.8 0.0 169
Element: 958 0.2 2.5 0.0 0.00050 1575M0 -100 100 -1471 0.1170 0 0 0 624.8 0.0 170
Element: 959 0.2 2.5 0.0 0.00050 1591M0 -100 100 -1473 0.1170 0 0 0 628.8 0.0 171
##
## G 160 - 192  Section KL
##
Element: 960 0.2 2.5 0.0 0.00050 1592M0 -100 100 -1465 0.1170 0 0 0 632.8 0.0 172
Element: 961 0.2 2.5 0.0 0.00050 1608M0 -100 100 -1487 0.1170 0 0 0 636.8 0.0 173
Element: 962 0.2 2.5 0.0 0.00050 1593M0 -100 100 -1472 0.1170 0 0 0 640.8 0.0 174
Element: 963 0.2 2.5 0.0 0.00050 1609M0 -100 100 -1488 0.1170 0 0 0 644.9 0.0 175
Element: 964 0.2 2.5 0.0 0.00050 1594M0 -100 100 -1487 0.1170 0 0 0 648.9 0.0 176
Element: 965 0.2 2.5 0.0 0.00050 1610M0 -100 100 -1490 0.1170 0 0 0 652.9 0.0 177
Element: 966 0.2 2.5 0.0 0.00050 1595M0 -100 100 -1491 0.1170 0 0 0 657.0 0.0 178
Element: 967 0.2 2.5 0.0 0.00050 1611M0 -100 100 -1487 0.1170 0 0 0 661.0 0.0 179
Element: 968 0.2 2.5 0.0 0.00050 1596M0 -100 100 -1485 0.1170 0 0 0 665.1 0.0 180
Element: 969 0.2 2.5 0.0 0.00050 1612M0 -100 100 -1491 0.1170 0 0 0 669.2 0.0 181
Element: 970 0.2 2.5 0.0 0.00050 1597M0 -100 100 -1468 0.1170 0 0 0 673.2 0.0 182
Element: 971 0.2 2.5 0.0 0.00050 1613M0 -100 100 -1488 0.1170 0 0 0 677.3 0.0 183
Element: 972 0.2 2.5 0.0 0.00050 1598M0 -100 100 -1481 0.1170 0 0 0 681.4 0.0 184
Element: 973 0.2 2.5 0.0 0.00050 1614M0 -100 100 -1483 0.1170 0 0 0 685.5 0.0 185
Element: 974 0.2 2.5 0.0 0.00050 1599M0 -100 100 -1463 0.1170 0 0 0 689.6 0.0 186
Element: 975 0.2 2.5 0.0 0.00050 1615M0 -100 100 -1475 0.1170 0 0 0 693.7 0.0 187
Element: 976 0.2 2.5 0.0 0.00050 1600M0 -100 100 -1470 0.1170 0 0 0 697.8 0.0 188
Element: 977 0.2 2.5 0.0 0.00050 1616M0 -100 100 -1463 0.1170 0 0 0 702.0 0.0 189
Element: 978 0.2 2.5 0.0 0.00050 1601M0 -100 100 -1477 0.1170 0 0 0 706.0 0.0 190
Element: 979 0.2 2.5 0.0 0.00050 1617M0 -100 100 -1465 0.1170 0 0 0 710.1 0.0 191
Element: 980 0.2 2.5 0.0 0.00050 1602M0 -100 100 -1477 0.1170 0 0 0 714.3 0.0 192
Element: 981 0.2 2.5 0.0 0.00050 1618M0 -100 100 -1471 0.1170 0 0 0 718.4 0.0 193
Element: 982 0.2 2.5 0.0 0.00050 1603M0 -100 100 -1481 0.1170 0 0 0 722.5 0.0 194
Element: 983 0.2 2.5 0.0 0.00050 1619M0 -100 100 -1483 0.1170 0 0 0 726.7 0.0 195
Element: 984 0.2 2.5 0.0 0.00050 1604M0 -100 100 -1486 0.1170 0 0 0 730.8 0.0 196
Element: 985 0.2 2.5 0.0 0.00050 1620M0 -100 100 -1467 0.1170 0 0 0 735.0 0.0 197
Element: 986 0.2 2.5 0.0 0.00050 1605M0 -100 100 -1471 0.1170 0 0 0 739.1 0.0 198
Element: 987 0.2 2.5 0.0 0.00050 1621M0 -100 100 -1474 0.1170 0 0 0 743.3 0.0 199
Element: 988 0.2 2.5 0.0 0.00050 1606M0 -100 100 -1463 0.1170 0 0 0 747.5 0.0 200
Element: 989 0.2 2.5 0.0 0.00050 1622M0 -100 100 -1469 0.1170 0 0 0 751.6 0.0 201
Element: 990 0.2 2.5 0.0 0.00050 1607M0 -100 100 -1458 0.1170 0 0 0 755.8 0.0 202
Element: 991 0.2 2.5 0.0 0.00050 1623M0 -100 100 -1458 0.1170 0 0 0 760.0 0.0 203
##
## G 192 - 224  Section MN
##
Element: 992 0.2 2.5 0.0 0.00050 1624M0 -100 100 -1456 0.1170 0 0 0 764.2 0.0 204
Element: 993 0.2 2.5 0.0 0.00050 1640M0 -100 100 -1467 0.1170 0 0 0 768.4 0.0 205
Element: 994 0.2 2.5 0.0 0.00050 1625M0 -100 100 -1462 0.1170 0 0 0 772.6 0.0 206
Element: 995 0.2 2.5 0.0 0.00050 1641M0 -100 100 -1469 0.1170 0 0 0 776.8 0.0 207
Element: 996 0.2 2.5 0.0 0.00050 1626M0 -100 100 -1474 0.1170 0 0 0 781.0 0.0 208
Element: 997 0.2 2.5 0.0 0.00050 1642M0 -100 100 -1470 0.1170 0 0 0 785.2 0.0 209
Element: 998 0.2 2.5 0.0 0.00050 1627M0 -100 100 -1469 0.1170 0 0 0 789.4 0.0 210
Element: 999 0.2 2.5 0.0 0.00050 1643M0 -100 100 -1469 0.1170 0 0 0 793.6 0.0 211
Element: 1000 0.2 2.5 0.0 0.00050 1628M0 -100 100 -1469 0.1170 0 0 0 797.9 0.0 212
Element: 1001 0.2 2.5 0.0 0.00050 1644M0 -100 100 -1472 0.1170 0 0 0 802.0 0.0 213
Element: 1002 0.2 2.5 0.0 0.00050 1629M0 -100 100 -1465 0.1170 0 0 0 806.3 0.0 214
Element: 1003 0.2 2.5 0.0 0.00050 1645M0 -100 100 -1469 0.1170 0 0 0 810.5 0.0 215
Element: 1004 0.2 2.5 0.0 0.00050 1630M0 -100 100 -1462 0.1170 0 0 0 814.7 0.0 216
Element: 1005 0.2 2.5 0.0 0.00050 1646M0 -100 100 -1468 0.1170 0 0 0 819.0 0.0 217
Element: 1006 0.2 2.5 0.0 0.00050 1631M0 -100 100 -1463 0.1170 0 0 0 823.2 0.0 218
Element: 1007 0.2 2.5 0.0 0.00050 1647M0 -100 100 -1477 0.1170 0 0 0 827.4 0.0 219
Element: 1008 0.2 2.5 0.0 0.00050 1632M0 -100 100 -1460 0.1170 0 0 0 831.7 0.0 220
Element: 1009 0.2 2.5 0.0 0.00050 1648M0 -100 100 -1454 0.1170 0 0 0 835.9 0.0 221
Element: 1010 0.2 2.5 0.0 0.00050 1633M0 -100 100 -1474 0.1170 0 0 0 840.2 0.0 222
Element: 1011 0.2 2.5 0.0 0.00050 1649M0 -100 100 -1471 0.1170 0 0 0 844.4 0.0 223
Element: 1012 0.2 2.5 0.0 0.00050 1634M0 -100 100 -1483 0.1170 0 0 0 848.8 0.0 224
Element: 1013 0.2 2.5 0.0 0.00050 1650M0 -100 100 -1475 0.1170 0 0 0 853.0 0.0 225
Element: 1014 0.2 2.5 0.0 0.00050 1635M0 -100 100 -1462 0.1170 0 0 0 857.2 0.0 226
Element: 1015 0.2 2.5 0.0 0.00050 1651M0 -100 100 -1458 0.1170 0 0 0 861.5 0.0 227
Element: 1016 0.2 2.5 0.0 0.00050 1636M0 -100 100 -1477 0.1170 0 0 0 865.7 0.0 228
Element: 1017 0.2 2.5 0.0 0.00050 1652M0 -100 100 -1456 0.1170 0 0 0 870.0 0.0 229
Element: 1018 0.2 2.5 0.0 0.00050 1637M0 -100 100 -1459 0.1170 0 0 0 874.3 0.0 230
Element: 1019 0.2 2.5 0.0 0.00050 1653M0 -100 100 -1455 0.1170 0 0 0 878.6 0.0 231
Element: 1020 0.2 2.5 0.0 0.00050 1638M0 -100 100 -1453 0.1170 0 0 0 882.8 0.0 232
Element: 1021 0.2 2.5 0.0 0.00050 1654M0 -100 100 -1455 0.1170 0 0 0 887.1 0.0 233
Element: 1022 0.2 2.5 0.0 0.00050 1639M0 -100 100 -1458 0.1170 0 0 0 891.4 0.0 234
Element: 1023 0.2 2.5 0.0 0.00050 1655M0 -100 100 -1452 0.1170 0 0 0 895.7 0.0 235
##
## G 224 - 256  Section OP
##
Element: 1024 0.2 2.5 0.0 0.00050 1656M0 -100 100 -1441 0.1170 0 0 0 900.0 0.0 236
Element: 1025 0.2 2.5 0.0 0.00050 1672M0 -100 100 -1449 0.1170 0 0 0 904.3 0.0 237
Element: 1026 0.2 2.5 0.0 0.00050 1657M0 -100 100 -1449 0.1170 0 0 0 908.6 0.0 238
Element: 1027 0.2 2.5 0.0 0.00050 1673M0 -100 100 -1451 0.1170 0 0 0 912.8 0.0 239
Element: 1028 0.2 2.5 0.0 0.00050 1658M0 -100 100 -1455 0.1170 0 0 0 917.1 0.0 240
Element: 1029 0.2 2.5 0.0 0.00050 1674M0 -100 100 -1454 0.1170 0 0 0 921.4 0.0 241
Element: 1030 0.2 2.5 0.0 0.00050 1659M0 -100 100 -1452 0.1170 0 0 0 925.7 0.0 242
Element: 1031 0.2 2.5 0.0 0.00050 1675M0 -100 100 -1450 0.1170 0 0 0 930.0 0.0 243
Element: 1032 0.2 2.5 0.0 0.00050 1660M0 -100 100 -1450 0.1170 0 0 0 934.3 0.0 244
Element: 1033 0.2 2.5 0.0 0.00050 1676M0 -100 100 -1453 0.1170 0 0 0 938.6 0.0 245
Element: 1034 0.2 2.5 0.0 0.00050 1661M0 -100 100 -1444 0.1170 0 0 0 942.9 0.0 246
Element: 1035 0.2 2.5 0.0 0.00050 1677M0 -100 100 -1451 0.1170 0 0 0 947.2 0.0 247
Element: 1036 0.2 2.5 0.0 0.00050 1662M0 -100 100 -1416 0.1170 0 0 0 951.6 0.0 248
Element: 1037 0.2 2.5 0.0 0.00050 1678M0 -100 100 -1452 0.1170 0 0 0 955.9 0.0 249
Element: 1038 0.2 2.5 0.0 0.00050 1663M0 -100 100 -1444 0.1170 0 0 0 960.2 0.0 250
Element: 1039 0.2 2.5 0.0 0.00050 1679M0 -100 100 -1447 0.1170 0 0 0 964.5 0.0 251
Element: 1040 0.2 2.5 0.0 0.00050 1664M0 -100 100 -1450 0.1170 0 0 0 968.8 0.0 252
Element: 1041 0.2 2.5 0.0 0.00050 1680M0 -100 100 -1444 0.1170 0 0 0 973.1 0.0 253
Element: 1042 0.2 2.5 0.0 0.00050 1665M0 -100 100 -1448 0.1170 0 0 0 977.4 0.0 254
Element: 1043 0.2 2.5 0.0 0.00050 1681M0 -100 100 -1441 0.1170 0 0 0 981.7 0.0 255
Element: 1044 0.2 2.5 0.0 0.00050 1666M0 -100 100 -1453 0.1170 0 0 0 986.0 0.0 256
Element: 1045 0.2 2.5 0.0 0.00050 1682M0 -100 100 -1444 0.1170 0 0 0 990.4 0.0 257
Element: 1046 0.2 2.5 0.0 0.00050 1667M0 -100 100 -1447 0.1170 0 0 0 994.7 0.0 258
Element: 1047 0.2 2.5 0.0 0.00050 1683M0 -100 100 -1446 0.1170 0 0 0 999.0 0.0 259
Element: 1048 0.2 2.5 0.0 0.00050 1668M0 -100 100 -1450 0.1170 0 0 0 1003.4 0.0 260
Element: 1049 0.2 2.5 0.0 0.00050 1684M0 -100 100 -1437 0.1170 0 0 0 1007.6 0.0 261
Element: 1050 0.2 2.5 0.0 0.00050 1669M0 -100 100 -1447 0.1170 0 0 0 1011.9 0.0 262
Element: 1051 0.2 2.5 0.0 0.00050 1685M0 -100 100 -1440 0.1170 0 0 0 1016.3 0.0 263
Element: 1052 0.2 2.5 0.0 0.00050 1670M0 -100 100 -1438 0.1170 0 0 0 1020.6 0.0 264
Element: 1053 0.2 2.5 0.0 0.00050 1686M0 -100 100 -1435 0.1170 0 0 0 1024.9 0.0 265
Element: 1054 0.2 2.5 0.0 0.00050 1671M0 -100 100 -1440 0.1170 0 0 0 1029.2 0.0 266
Element: 1055 0.2 2.5 0.0 0.00050 1687M0 -100 100 -1434 0.1170 0 0 0 1033.5 0.0 267
##
## G 256 - 288  Section QR
##
Element: 1056 0.2 2.5 0.0 0.00050 1688M0 -100 100 -1423 0.1170 0 0 0 1037.8 0.0 268
Element: 1057 0.2 2.5 0.0 0.00050 1704M0 -100 100 -1436 0.1170 0 0 0 1042.2 0.0 269
Element: 1058 0.2 2.5 0.0 0.00050 1689M0 -100 100 -1432 0.1170 0 0 0 1046.5 0.0 270
Element: 1059 0.2 2.5 0.0 0.00050 1705M0 -100 100 -1431 0.1170 0 0 0 1050.8 0.0 271
Element: 1060 0.2 2.5 0.0 0.00050 1690M0 -100 100 -1437 0.1170 0 0 0 1055.2 0.0 272
Element: 1061 0.2 2.5 0.0 0.00050 1706M0 -100 100 -1434 0.1170 0 0 0 1059.4 0.0 273
Element: 1062 0.2 2.5 0.0 0.00050 1691M0 -100 100 -1434 0.1170 0 0 0 1063.8 0.0 274
Element: 1063 0.2 2.5 0.0 0.00050 1707M0 -100 100 -1437 0.1170 0 0 0 1068.1 0.0 275
Element: 1064 0.2 2.5 0.0 0.00050 1692M0 -100 100 -1437 0.1170 0 0 0 1072.4 0.0 276
Element: 1065 0.2 2.5 0.0 0.00050 1708M0 -100 100 -1434 0.1170 0 0 0 1076.7 0.0 277
Element: 1066 0.2 2.5 0.0 0.00050 1693M0 -100 100 -1429 0.1170 0 0 0 1081.0 0.0 278
Element: 1067 0.2 2.5 0.0 0.00050 1709M0 -100 100 -1437 0.1170 0 0 0 1085.4 0.0 279
Element: 1068 0.2 2.5 0.0 0.00050 1694M0 -100 100 -1430 0.1170 0 0 0 1089.7 0.0 280
Element: 1069 0.2 2.5 0.0 0.00050 1710M0 -100 100 -1435 0.1170 0 0 0 1094.0 0.0 281
Element: 1070 0.2 2.5 0.0 0.00050 1695M0 -100 100 -1427 0.1170 0 0 0 1098.3 0.0 282
Element: 1071 0.2 2.5 0.0 0.00050 1711M0 -100 100 -1432 0.1170 0 0 0 1102.6 0.0 283
Element: 1072 0.2 2.5 0.0 0.00050 1696M0 -100 100 -1432 0.1170 0 0 0 1107.0 0.0 284
Element: 1073 0.2 2.5 0.0 0.00050 1712M0 -100 100 -1430 0.1170 0 0 0 1111.2 0.0 285
Element: 1074 0.2 2.5 0.0 0.00050 1697M0 -100 100 -1431 0.1170 0 0 0 1115.6 0.0 286
Element: 1075 0.2 2.5 0.0 0.00050 1713M0 -100 100 -1426 0.1170 0 0 0 1119.9 0.0 287
Element: 1076 0.2 2.5 0.0 0.00050 1698M0 -100 100 -1435 0.1170 0 0 0 1124.2 0.0 288
Element: 1077 0.2 2.5 0.0 0.00050 1714M0 -100 100 -1430 0.1170 0 0 0 1128.5 0.0 289
Element: 1078 0.2 2.5 0.0 0.00050 1699M0 -100 100 -1430 0.1170 0 0 0 1132.8 0.0 290
Element: 1079 0.2 2.5 0.0 0.00050 1715M0 -100 100 -1430 0.1170 0 0 0 1137.1 0.0 291
Element: 1080 0.2 2.5 0.0 0.00050 1700M0 -100 100 -1436 0.1170 0 0 0 1141.4 0.0 292
Element: 1081 0.2 2.5 0.0 0.00050 1716M0 -100 100 -1422 0.1170 0 0 0 1145.7 0.0 293
Element: 1082 0.2 2.5 0.0 0.00050 1701M0 -100 100 -1429 0.1170 0 0 0 1150.0 0.0 294
Element: 1083 0.2 2.5 0.0 0.00050 1717M0 -100 100 -1423 0.1170 0 0 0 1154.3 0.0 295
Element: 1084 0.2 2.5 0.0 0.00050 1702M0 -100 100 -1422 0.1170 0 0 0 1158.7 0.0 296
Element: 1085 0.2 2.5 0.0 0.00050 1718M0 -100 100 -1423 0.1170 0 0 0 1162.9 0.0 297
Element: 1086 0.2 2.5 0.0 0.00050 1703M0 -100 100 -1428 0.1170 0 0 0 1167.2 0.0 298
Element: 1087 0.2 2.5 0.0 0.00050 1719M0 -100 100 -1418 0.1170 0 0 0 1171.5 0.0 299
##
## G 288 - 320  Section ST
##
Element: 1088 0.2 2.5 0.0 0.00050 1720M0 -100 100 -1418 0.1170 0 0 0 1175.8 0.0 300
Element: 1089 0.2 2.5 0.0 0.00050 1736M0 -100 100 -1427 0.1170 0 0 0 1180.1 0.0 301
Element: 1090 0.2 2.5 0.0 0.00050 1721M0 -100 100 -1425 0.1170 0 0 0 1184.4 0.0 302
Element: 1091 0.2 2.5 0.0 0.00050 1737M0 -100 100 -1435 0.1170 0 0 0 1188.7 0.0 303
Element: 1092 0.2 2.5 0.0 0.00050 1722M0 -100 100 -1430 0.1170 0 0 0 1193.0 0.0 304
Element: 1093 0.2 2.5 0.0 0.00050 1738M0 -100 100 -1432 0.1170 0 0 0 1197.3 0.0 305
Element: 1094 0.2 2.5 0.0 0.00050 1723M0 -100 100 -1432 0.1170 0 0 0 1201.6 0.0 306
Element: 1095 0.2 2.5 0.0 0.00050 1739M0 -100 100 -1431 0.1170 0 0 0 1205.9 0.0 307
Element: 1096 0.2 2.5 0.0 0.00050 1724M0 -100 100 -1426 0.1170 0 0 0 1210.2 0.0 308
Element: 1097 0.2 2.5 0.0 0.00050 1740M0 -100 100 -1433 0.1170 0 0 0 1214.4 0.0 309
Element: 1098 0.2 2.5 0.0 0.00050 1725M0 -100 100 -1423 0.1170 0 0 0 1218.7 0.0 310
Element: 1099 0.2 2.5 0.0 0.00050 1741M0 -100 100 -1429 0.1170 0 0 0 1223.0 0.0 311
Element: 1100 0.2 2.5 0.0 0.00050 1726M0 -100 100 -1422 0.1170 0 0 0 1227.3 0.0 312
Element: 1101 0.2 2.5 0.0 0.00050 1742M0 -100 100 -1425 0.1170 0 0 0 1231.5 0.0 313
Element: 1102 0.2 2.5 0.0 0.00050 1727M0 -100 100 -1418 0.1170 0 0 0 1235.8 0.0 314
Element: 1103 0.2 2.5 0.0 0.00050 1743M0 -100 100 -1423 0.1170 0 0 0 1240.1 0.0 315
Element: 1104 0.2 2.5 0.0 0.00050 1728M0 -100 100 -1422 0.1170 0 0 0 1244.3 0.0 316
Element: 1105 0.2 2.5 0.0 0.00050 1744M0 -100 100 -1416 0.1170 0 0 0 1248.6 0.0 317
Element: 1106 0.2 2.5 0.0 0.00050 1729M0 -100 100 -1426 0.1170 0 0 0 1252.9 0.0 318
Element: 1107 0.2 2.5 0.0 0.00050 1745M0 -100 100 -1541 0.1170 0 0 0 1257.1 0.0 319
Element: 1108 0.2 2.5 0.0 0.00050 1730M0 -100 100 -1431 0.1170 0 0 0 1261.4 0.0 320
Element: 1109 0.2 2.5 0.0 0.00050 1746M0 -100 100 -1425 0.1170 0 0 0 1265.6 0.0 321
Element: 1110 0.2 2.5 0.0 0.00050 1731M0 -100 100 -1429 0.1170 0 0 0 1269.9 0.0 322
Element: 1111 0.2 2.5 0.0 0.00050 1747M0 -100 100 -1425 0.1170 0 0 0 1274.2 0.0 323
Element: 1112 0.2 2.5 0.0 0.00050 1732M0 -100 100 -1431 0.1170 0 0 0 1278.4 0.0 324
Element: 1113 0.2 2.5 0.0 0.00050 1748M0 -100 100 -1417 0.1170 0 0 0 1282.6 0.0 325
Element: 1114 0.2 2.5 0.0 0.00050 1733M0 -100 100 -1421 0.1170 0 0 0 1286.9 0.0 326
Element: 1115 0.2 2.5 0.0 0.00050 1749M0 -100 100 -1419 0.1170 0 0 0 1291.1 0.0 327
Element: 1116 0.2 2.5 0.0 0.00050 1734M0 -100 100 -1416 0.1170 0 0 0 1295.4 0.0 328
Element: 1117 0.2 2.5 0.0 0.00050 1750M0 -100 100 -1419 0.1170 0 0 0 1299.6 0.0 329
Element: 1118 0.2 2.5 0.0 0.00050 1735M0 -100 100 -1421 0.1170 0 0 0 1303.8 0.0 330
Element: 1119 0.2 2.5 0.0 0.00050 1751M0 -100 100 -1412 0.1170 0 0 0 1308.1 0.0 331
##
## G 320 - 352  Section UV
##
Element: 1120 0.2 2.5 0.0 0.00050 1752M0 -100 100 -1417 0.1170 0 0 0 1312.3 0.0 332
Element: 1121 0.2 2.5 0.0 0.00050 1768M0 -100 100 -1430 0.1170 0 0 0 1316.6 0.0 333
Element: 1122 0.2 2.5 0.0 0.00050 1753M0 -100 100 -1422 0.1170 0 0 0 1320.8 0.0 334
Element: 1123 0.2 2.5 0.0 0.00050 1769M0 -100 100 -1426 0.1170 0 0 0 1325.0 0.0 335
Element: 1124 0.2 2.5 0.0 0.00050 1754M0 -100 100 -1429 0.1170 0 0 0 1329.2 0.0 336
Element: 1125 0.2 2.5 0.0 0.00050 1770M0 -100 100 -1427 0.1170 0 0 0 1333.4 0.0 337
Element: 1126 0.2 2.5 0.0 0.00050 1755M0 -100 100 -1427 0.1170 0 0 0 1337.6 0.0 338
Element: 1127 0.2 2.5 0.0 0.00050 1771M0 -100 100 -1428 0.1170 0 0 0 1341.8 0.0 339
Element: 1128 0.2 2.5 0.0 0.00050 1756M0 -100 100 -1427 0.1170 0 0 0 1346.0 0.0 340
Element: 1129 0.2 2.5 0.0 0.00050 1772M0 -100 100 -1426 0.1170 0 0 0 1350.2 0.0 341
Element: 1130 0.2 2.5 0.0 0.00050 1757M0 -100 100 -1419 0.1170 0 0 0 1354.4 0.0 342
Element: 1131 0.2 2.5 0.0 0.00050 1773M0 -100 100 -1427 0.1170 0 0 0 1358.6 0.0 343
Element: 1132 0.2 2.5 0.0 0.00050 1758M0 -100 100 -1419 0.1170 0 0 0 1362.8 0.0 344
Element: 1133 0.2 2.5 0.0 0.00050 1774M0 -100 100 -1425 0.1170 0 0 0 1367.0 0.0 345
Element: 1134 0.2 2.5 0.0 0.00050 1759M0 -100 100 -1421 0.1170 0 0 0 1371.3 0.0 346
Element: 1135 0.2 2.5 0.0 0.00050 1775M0 -100 100 -1426 0.1170 0 0 0 1375.4 0.0 347
Element: 1136 0.2 2.5 0.0 0.00050 1760M0 -100 100 -1423 0.1170 0 0 0 1379.6 0.0 348
Element: 1137 0.2 2.5 0.0 0.00050 1776M0 -100 100 -1415 0.1170 0 0 0 1383.8 0.0 349
Element: 1138 0.2 2.5 0.0 0.00050 1761M0 -100 100 -1400 0.1170 0 0 0 1387.9 0.0 350
Element: 1139 0.2 2.5 0.0 0.00050 1777M0 -100 100 -1400 0.1170 0 0 0 1392.1 0.0 351
Element: 1140 0.2 2.5 0.0 0.00050 1762M0 -100 100 -1426 0.1170 0 0 0 1396.3 0.0 352
Element: 1141 0.2 2.5 0.0 0.00050 1778M0 -100 100 -1423 0.1170 0 0 0 1400.5 0.0 353
Element: 1142 0.2 2.5 0.0 0.00050 1763M0 -100 100 -1421 0.1170 0 0 0 1404.6 0.0 354
Element: 1143 0.2 2.5 0.0 0.00050 1779M0 -100 100 -1430 0.1170 0 0 0 1408.8 0.0 355
Element: 1144 0.2 2.5 0.0 0.00050 1764M0 -100 100 -1428 0.1170 0 0 0 1412.9 0.0 356
Element: 1145 0.2 2.5 0.0 0.00050 1780M0 -100 100 -1415 0.1170 0 0 0 1417.1 0.0 357
Element: 1146 0.2 2.5 0.0 0.00050 1765M0 -100 100 -1423 0.1170 0 0 0 1421.2 0.0 358
Element: 1147 0.2 2.5 0.0 0.00050 1781M0 -100 100 -1420 0.1170 0 0 0 1425.5 0.0 359
Element: 1148 0.2 2.5 0.0 0.00050 1766M0 -100 100 -1411 0.1170 0 0 0 1429.5 0.0 360
Element: 1149 0.2 2.5 0.0 0.00050 1782M0 -100 100 -1416 0.1170 0 0 0 1433.7 0.0 361
Element: 1150 0.2 2.5 0.0 0.00050 1767M0 -100 100 -1422 0.1170 0 0 0 1437.8 0.0 362
Element: 1151 0.2 2.5 0.0 0.00050 1783M0 -100 100 -1415 0.1170 0 0 0 1441.9 0.0 363
Initialise: 
Display: 1D Nhits       32 0 32
Display: 1D NhitsPrompt 32 0 32
Display: 1D NhitsRand   32 0 32
Display: 1D Hits        352 0 352
Display: 1D HitsPrompt  352 0 352
Display: 1D HitsRand    352 0 352
#Display: 1D EnergyOR    200 0 2.5
Display: 1D TimeOR     2000 -100 100
#Display: 1D Energy 100 0 2.5   0 351
Display: 1D Time  500 -100 100   0 351
Display: 1D Eelect   500 0 1508
Display: 1D ScalerCurr 352 0 352
Display: 1D ScalerAcc  352 0 352
#Display: 1D Doubles  	352 0 352
Display: 1D NDoubles  	32 0 32
#Display: 2D EnergyOR 100 0 2.5 -1 Hits 352 0 352 -1
#Display: 2D EnergyOR 100 0 2.5 -1 Doubles 352 0 352 -1
Display: 2D TimeOR   200 -100 100 -1 Hits 352 0 352 -1
#Display: 2D DiffTimeOR  100 -11.7 11.7 -1 Doubles 352 0 352 -1
#Display: 1D DiffTime  100 -11.7 11.7  0 352
#Display: 1D DiffTimeOR  100 -11.7 11.7
