 Tagging efficiency calculation
 J.R.M.Annand 2008.10.02
Clock = 5.4924e+08   Inhib.Clock = 1.87177e+08   Live = 0.340792
Backgr.clock = 1.51349e+09    Backgr.Inhib.clock = 5.07553e+08  Live = 0.335354
Background scale factor = 0.368782

  Chan  Hits  Scaler Background     TaggEff        TaggEff(back-sub)
   0     0        0        0    0.0000 +- 0.0000   0.0000 +- 0.0000
   1     0       18      634    0.0000 +- 0.0000   0.0000 +- 0.0000
   2     0        9      404    0.0000 +- 0.0000   0.0000 +- 0.0000
   3     0       12     1116    0.0000 +- 0.0000   0.0000 +- 0.0000
   4     0       10     1212    0.0000 +- 0.0000   0.0000 +- 0.0000
   5     0        7     1040    0.0000 +- 0.0000   0.0000 +- 0.0000
   6     0       12     1131    0.0000 +- 0.0000   0.0000 +- 0.0000
   7     0       11     1574    0.0000 +- 0.0000   0.0000 +- 0.0000
   8     0       15     1619    0.0000 +- 0.0000   0.0000 +- 0.0000
   9     0        9     1568    0.0000 +- 0.0000   0.0000 +- 0.0000
  10     0       12     1618    0.0000 +- 0.0000   0.0000 +- 0.0000
  11     0        9     1116    0.0000 +- 0.0000   0.0000 +- 0.0000
  12     0       14     1643    0.0000 +- 0.0000   0.0000 +- 0.0000
  13     0       14      680    0.0000 +- 0.0000   0.0000 +- 0.0000
  14     0       14      620    0.0000 +- 0.0000   0.0000 +- 0.0000
  15     0        9      665    0.0000 +- 0.0000   0.0000 +- 0.0000
  16     0        9     1210    0.0000 +- 0.0000   0.0000 +- 0.0000
  17     0        8     1230    0.0000 +- 0.0000   0.0000 +- 0.0000
  18     0       11     1033    0.0000 +- 0.0000   0.0000 +- 0.0000
  19     0       14     1225    0.0000 +- 0.0000   0.0000 +- 0.0000
  20     0       19     1620    0.0000 +- 0.0000   0.0000 +- 0.0000
  21     0       11     1491    0.0000 +- 0.0000   0.0000 +- 0.0000
  22     0       10     1601    0.0000 +- 0.0000   0.0000 +- 0.0000
  23     0       10      695    0.0000 +- 0.0000   0.0000 +- 0.0000
  24     0       11     1178    0.0000 +- 0.0000   0.0000 +- 0.0000
  25     0       26     1886    0.0000 +- 0.0000   0.0000 +- 0.0000
  26     0       23     1281    0.0000 +- 0.0000   0.0000 +- 0.0000
  27    15    40560     1451    0.0004 +- 0.0001   0.0004 +- 0.0001
  28     0      740     1770    0.0000 +- 0.0000   0.0000 +- 0.0000
  29     0        8     1442    0.0000 +- 0.0000   0.0000 +- 0.0000
  30     0       16     1854    0.0000 +- 0.0000   0.0000 +- 0.0000
  31     0       11      957    0.0000 +- 0.0000   0.0000 +- 0.0000
  32     0       11     1736    0.0000 +- 0.0000   0.0000 +- 0.0000
  33     0       17     1825    0.0000 +- 0.0000   0.0000 +- 0.0000
  34     0       11     1111    0.0000 +- 0.0000   0.0000 +- 0.0000
  35     0       11     1539    0.0000 +- 0.0000   0.0000 +- 0.0000
  36     0       16     1577    0.0000 +- 0.0000   0.0000 +- 0.0000
  37     0       11     1547    0.0000 +- 0.0000   0.0000 +- 0.0000
  38     0        9     1567    0.0000 +- 0.0000   0.0000 +- 0.0000
  39     0        5      231    0.0000 +- 0.0000   0.0000 +- 0.0000
  40     0        7      221    0.0000 +- 0.0000   0.0000 +- 0.0000
  41     0        9     1574    0.0000 +- 0.0000   0.0000 +- 0.0000
  42     0       14     1567    0.0000 +- 0.0000   0.0000 +- 0.0000
  43     0        9     1639    0.0000 +- 0.0000   0.0000 +- 0.0000
  44     0       11     1636    0.0000 +- 0.0000   0.0000 +- 0.0000
  45     0       18     1680    0.0000 +- 0.0000   0.0000 +- 0.0000
  46     0        9     1665    0.0000 +- 0.0000   0.0000 +- 0.0000
  47     0       10     1586    0.0000 +- 0.0000   0.0000 +- 0.0000
  48     0       15     1558    0.0000 +- 0.0000   0.0000 +- 0.0000
  49     0        9     1760    0.0000 +- 0.0000   0.0000 +- 0.0000
  50     0        8     1628    0.0000 +- 0.0000   0.0000 +- 0.0000
  51     0        7     1690    0.0000 +- 0.0000   0.0000 +- 0.0000
  52     0        6      646    0.0000 +- 0.0000   0.0000 +- 0.0000
  53     0        5      869    0.0000 +- 0.0000   0.0000 +- 0.0000
  54     0       11     1654    0.0000 +- 0.0000   0.0000 +- 0.0000
  55     0        8     1659    0.0000 +- 0.0000   0.0000 +- 0.0000
  56     0       10     1714    0.0000 +- 0.0000   0.0000 +- 0.0000
  57     0        9     1676    0.0000 +- 0.0000   0.0000 +- 0.0000
  58     0        4     1684    0.0000 +- 0.0000   0.0000 +- 0.0000
  59     0       11     1680    0.0000 +- 0.0000   0.0000 +- 0.0000
  60     0        9      940    0.0000 +- 0.0000   0.0000 +- 0.0000
  61     0        6      877    0.0000 +- 0.0000   0.0000 +- 0.0000
  62     0       10     1615    0.0000 +- 0.0000   0.0000 +- 0.0000
  63     0        9     1651    0.0000 +- 0.0000   0.0000 +- 0.0000
  64     0       21     1814    0.0000 +- 0.0000   0.0000 +- 0.0000
  65     0       16     1852    0.0000 +- 0.0000   0.0000 +- 0.0000
  66     0       10     1639    0.0000 +- 0.0000   0.0000 +- 0.0000
  67     0       11     1692    0.0000 +- 0.0000   0.0000 +- 0.0000
  68     0       12     1759    0.0000 +- 0.0000   0.0000 +- 0.0000
  69     0       10     1782    0.0000 +- 0.0000   0.0000 +- 0.0000
  70     0        5     1117    0.0000 +- 0.0000   0.0000 +- 0.0000
  71     0        8     1278    0.0000 +- 0.0000   0.0000 +- 0.0000
  72     0       12     1805    0.0000 +- 0.0000   0.0000 +- 0.0000
  73     0       15     2011    0.0000 +- 0.0000   0.0000 +- 0.0000
  74     0       15     1919    0.0000 +- 0.0000   0.0000 +- 0.0000
  75     0        9     1630    0.0000 +- 0.0000   0.0000 +- 0.0000
  76     0        8     1674    0.0000 +- 0.0000   0.0000 +- 0.0000
  77     0        6     1950    0.0000 +- 0.0000   0.0000 +- 0.0000
  78     0        7     1958    0.0000 +- 0.0000   0.0000 +- 0.0000
  79     0       11     1969    0.0000 +- 0.0000   0.0000 +- 0.0000
  80     0       10     2001    0.0000 +- 0.0000   0.0000 +- 0.0000
  81     0       11     1929    0.0000 +- 0.0000   0.0000 +- 0.0000
  82     0       10     1866    0.0000 +- 0.0000   0.0000 +- 0.0000
  83     0        9     1962    0.0000 +- 0.0000   0.0000 +- 0.0000
  84     0       13     2050    0.0000 +- 0.0000   0.0000 +- 0.0000
  85     0        8     1844    0.0000 +- 0.0000   0.0000 +- 0.0000
  86     0        5     1844    0.0000 +- 0.0000   0.0000 +- 0.0000
  87     0       11     2063    0.0000 +- 0.0000   0.0000 +- 0.0000
  88     0       10     2148    0.0000 +- 0.0000   0.0000 +- 0.0000
  89     0       11     1901    0.0000 +- 0.0000   0.0000 +- 0.0000
  90     0       13     2070    0.0000 +- 0.0000   0.0000 +- 0.0000
  91     0       10     2132    0.0000 +- 0.0000   0.0000 +- 0.0000
  92     0        8     2069    0.0000 +- 0.0000   0.0000 +- 0.0000
  93     0       15     2205    0.0000 +- 0.0000   0.0000 +- 0.0000
  94     0        7     2183    0.0000 +- 0.0000   0.0000 +- 0.0000
  95     0        9     2224    0.0000 +- 0.0000   0.0000 +- 0.0000
  96     0       12     2101    0.0000 +- 0.0000   0.0000 +- 0.0000
  97     0       13     1467    0.0000 +- 0.0000   0.0000 +- 0.0000
  98     0       14     2304    0.0000 +- 0.0000   0.0000 +- 0.0000
  99     0       15     2189    0.0000 +- 0.0000   0.0000 +- 0.0000
 100     0       12     2288    0.0000 +- 0.0000   0.0000 +- 0.0000
 101     0       12     2098    0.0000 +- 0.0000   0.0000 +- 0.0000
 102     0       13     2266    0.0000 +- 0.0000   0.0000 +- 0.0000
 103     0       16     2428    0.0000 +- 0.0000   0.0000 +- 0.0000
 104     0       14     2066    0.0000 +- 0.0000   0.0000 +- 0.0000
 105     0       11     2251    0.0000 +- 0.0000   0.0000 +- 0.0000
 106     0       11     1880    0.0000 +- 0.0000   0.0000 +- 0.0000
 107     0       14     2426    0.0000 +- 0.0000   0.0000 +- 0.0000
 108     0       11     2322    0.0000 +- 0.0000   0.0000 +- 0.0000
 109     0        9     2462    0.0000 +- 0.0000   0.0000 +- 0.0000
 110     0       12     2419    0.0000 +- 0.0000   0.0000 +- 0.0000
 111     0        9     2474    0.0000 +- 0.0000   0.0000 +- 0.0000
 112     0       12     2470    0.0000 +- 0.0000   0.0000 +- 0.0000
 113     0       15     2549    0.0000 +- 0.0000   0.0000 +- 0.0000
 114     0       16     2350    0.0000 +- 0.0000   0.0000 +- 0.0000
 115     0       16     2455    0.0000 +- 0.0000   0.0000 +- 0.0000
 116     0       13     2374    0.0000 +- 0.0000   0.0000 +- 0.0000
 117     0        9     2323    0.0000 +- 0.0000   0.0000 +- 0.0000
 118     0        4     2112    0.0000 +- 0.0000   0.0000 +- 0.0000
 119     0        8     2136    0.0000 +- 0.0000   0.0000 +- 0.0000
 120     0        7     2155    0.0000 +- 0.0000   0.0000 +- 0.0000
 121     0       13     2710    0.0000 +- 0.0000   0.0000 +- 0.0000
 122     0       13     2655    0.0000 +- 0.0000   0.0000 +- 0.0000
 123     0       13     2590    0.0000 +- 0.0000   0.0000 +- 0.0000
 124     0       14     2527    0.0000 +- 0.0000   0.0000 +- 0.0000
 125     0        8     2475    0.0000 +- 0.0000   0.0000 +- 0.0000
 126     0       11     2663    0.0000 +- 0.0000   0.0000 +- 0.0000
 127     0        9     2369    0.0000 +- 0.0000   0.0000 +- 0.0000
 128     0       17     2537    0.0000 +- 0.0000   0.0000 +- 0.0000
 129     0       17     2681    0.0000 +- 0.0000   0.0000 +- 0.0000
 130     0       15     2632    0.0000 +- 0.0000   0.0000 +- 0.0000
 131     0       16     2713    0.0000 +- 0.0000   0.0000 +- 0.0000
 132     0       15     2755    0.0000 +- 0.0000   0.0000 +- 0.0000
 133     0       14     2682    0.0000 +- 0.0000   0.0000 +- 0.0000
 134     0       14     2700    0.0000 +- 0.0000   0.0000 +- 0.0000
 135     0       10     2853    0.0000 +- 0.0000   0.0000 +- 0.0000
 136     0       11     2961    0.0000 +- 0.0000   0.0000 +- 0.0000
 137     0       13     2856    0.0000 +- 0.0000   0.0000 +- 0.0000
 138     0       19     2950    0.0000 +- 0.0000   0.0000 +- 0.0000
 139     0       11     2795    0.0000 +- 0.0000   0.0000 +- 0.0000
 140     0        7     2209    0.0000 +- 0.0000   0.0000 +- 0.0000
 141     0        9     2056    0.0000 +- 0.0000   0.0000 +- 0.0000
 142     0       13     2893    0.0000 +- 0.0000   0.0000 +- 0.0000
 143     0       13     3133    0.0000 +- 0.0000   0.0000 +- 0.0000
 144     0       10     2920    0.0000 +- 0.0000   0.0000 +- 0.0000
 145     0       10     2951    0.0000 +- 0.0000   0.0000 +- 0.0000
 146     0        8     2821    0.0000 +- 0.0000   0.0000 +- 0.0000
 147     0       18     2900    0.0000 +- 0.0000   0.0000 +- 0.0000
 148     0       14     3041    0.0000 +- 0.0000   0.0000 +- 0.0000
 149     0       12     3109    0.0000 +- 0.0000   0.0000 +- 0.0000
 150     0       15     3074    0.0000 +- 0.0000   0.0000 +- 0.0000
 151     0       11     3010    0.0000 +- 0.0000   0.0000 +- 0.0000
 152     0        9     3130    0.0000 +- 0.0000   0.0000 +- 0.0000
 153     0       12     4309    0.0000 +- 0.0000   0.0000 +- 0.0000
 154     0        4     2951    0.0000 +- 0.0000   0.0000 +- 0.0000
 155     0       14     3156    0.0000 +- 0.0000   0.0000 +- 0.0000
 156     0        9     3344    0.0000 +- 0.0000   0.0000 +- 0.0000
 157     0        8     3232    0.0000 +- 0.0000   0.0000 +- 0.0000
 158     0       13     3202    0.0000 +- 0.0000   0.0000 +- 0.0000
 159     0        6     3113    0.0000 +- 0.0000   0.0000 +- 0.0000
 160     0        9     3505    0.0000 +- 0.0000   0.0000 +- 0.0000
 161     0       10     3496    0.0000 +- 0.0000   0.0000 +- 0.0000
 162     0        8     4339    0.0000 +- 0.0000   0.0000 +- 0.0000
 163     0        9     2646    0.0000 +- 0.0000   0.0000 +- 0.0000
 164     0       11     3431    0.0000 +- 0.0000   0.0000 +- 0.0000
 165     0       19     3637    0.0000 +- 0.0000   0.0000 +- 0.0000
 166     0       14     2783    0.0000 +- 0.0000   0.0000 +- 0.0000
 167     0        8     2658    0.0000 +- 0.0000   0.0000 +- 0.0000
 168     0        9     3640    0.0000 +- 0.0000   0.0000 +- 0.0000
 169     0       12     3426    0.0000 +- 0.0000   0.0000 +- 0.0000
 170     0        5     3453    0.0000 +- 0.0000   0.0000 +- 0.0000
 171     0        4     3393    0.0000 +- 0.0000   0.0000 +- 0.0000
 172     0       13     3434    0.0000 +- 0.0000   0.0000 +- 0.0000
 173     0        5     3019    0.0000 +- 0.0000   0.0000 +- 0.0000
 174     0        6     2991    0.0000 +- 0.0000   0.0000 +- 0.0000
 175     0        4     3549    0.0000 +- 0.0000   0.0000 +- 0.0000
 176     0       14     3726    0.0000 +- 0.0000   0.0000 +- 0.0000
 177     0        9     3635    0.0000 +- 0.0000   0.0000 +- 0.0000
 178     0       19     3573    0.0000 +- 0.0000   0.0000 +- 0.0000
 179     0       15     3672    0.0000 +- 0.0000   0.0000 +- 0.0000
 180     0       18     3772    0.0000 +- 0.0000   0.0000 +- 0.0000
 181     0        9     3454    0.0000 +- 0.0000   0.0000 +- 0.0000
 182     0       13     4359    0.0000 +- 0.0000   0.0000 +- 0.0000
 183     0        8     3861    0.0000 +- 0.0000   0.0000 +- 0.0000
 184     0       17     4090    0.0000 +- 0.0000   0.0000 +- 0.0000
 185     0       18     4029    0.0000 +- 0.0000   0.0000 +- 0.0000
 186     0       13     4219    0.0000 +- 0.0000   0.0000 +- 0.0000
 187     0       11     4058    0.0000 +- 0.0000   0.0000 +- 0.0000
 188     0       17     4204    0.0000 +- 0.0000   0.0000 +- 0.0000
 189     0       15     4015    0.0000 +- 0.0000   0.0000 +- 0.0000
 190     0       12     4138    0.0000 +- 0.0000   0.0000 +- 0.0000
 191     0       17     4099    0.0000 +- 0.0000   0.0000 +- 0.0000
 192     0       12     4119    0.0000 +- 0.0000   0.0000 +- 0.0000
 193     0        5     4112    0.0000 +- 0.0000   0.0000 +- 0.0000
 194     0        6     4222    0.0000 +- 0.0000   0.0000 +- 0.0000
 195     0        5     4311    0.0000 +- 0.0000   0.0000 +- 0.0000
 196     0        6     4303    0.0000 +- 0.0000   0.0000 +- 0.0000
 197     0       10     3939    0.0000 +- 0.0000   0.0000 +- 0.0000
 198     0        8     4092    0.0000 +- 0.0000   0.0000 +- 0.0000
 199     0        5     2740    0.0000 +- 0.0000   0.0000 +- 0.0000
 200     0        7     4040    0.0000 +- 0.0000   0.0000 +- 0.0000
 201     0        7     3939    0.0000 +- 0.0000   0.0000 +- 0.0000
 202     0       13     4348    0.0000 +- 0.0000   0.0000 +- 0.0000
 203     1     1518     7031    0.0007 +- 0.0007  -0.0009 +- -0.0009
 204     0      306     4537    0.0000 +- 0.0000   0.0000 +- 0.0000
 205     0       23     4789    0.0000 +- 0.0000   0.0000 +- 0.0000
 206     0       17     4807    0.0000 +- 0.0000   0.0000 +- 0.0000
 207     0       18     4994    0.0000 +- 0.0000   0.0000 +- 0.0000
 208     0       17     4978    0.0000 +- 0.0000   0.0000 +- 0.0000
 209     0       16     4528    0.0000 +- 0.0000   0.0000 +- 0.0000
 210     0       13     5207    0.0000 +- 0.0000   0.0000 +- 0.0000
 211     0       11     4808    0.0000 +- 0.0000   0.0000 +- 0.0000
 212     0       17     5066    0.0000 +- 0.0000   0.0000 +- 0.0000
 213     0       14     5189    0.0000 +- 0.0000   0.0000 +- 0.0000
 214     0        8     4793    0.0000 +- 0.0000   0.0000 +- 0.0000
 215     0        6     5105    0.0000 +- 0.0000   0.0000 +- 0.0000
 216     0        9     4757    0.0000 +- 0.0000   0.0000 +- 0.0000
 217     0        3     4486    0.0000 +- 0.0000   0.0000 +- 0.0000
 218     0        8     5250    0.0000 +- 0.0000   0.0000 +- 0.0000
 219     0        3     5512    0.0000 +- 0.0000   0.0000 +- 0.0000
 220     0        6     4842    0.0000 +- 0.0000   0.0000 +- 0.0000
 221     1       14     5189    0.0714 +- 0.0739  -0.0005 +- -0.0005
 222     0       12     5454    0.0000 +- 0.0000   0.0000 +- 0.0000
 223     0        8     5572    0.0000 +- 0.0000   0.0000 +- 0.0000
 224     0       10     5713    0.0000 +- 0.0000   0.0000 +- 0.0000
 225     0       14     6062    0.0000 +- 0.0000   0.0000 +- 0.0000
 226     0       11     5141    0.0000 +- 0.0000   0.0000 +- 0.0000
 227     0       11     5012    0.0000 +- 0.0000   0.0000 +- 0.0000
 228     0       13     5777    0.0000 +- 0.0000   0.0000 +- 0.0000
 229     0        9     5861    0.0000 +- 0.0000   0.0000 +- 0.0000
 230     0       10     5826    0.0000 +- 0.0000   0.0000 +- 0.0000
 231     0       13     6069    0.0000 +- 0.0000   0.0000 +- 0.0000
 232     0       17     6107    0.0000 +- 0.0000   0.0000 +- 0.0000
 233     0       17     5836    0.0000 +- 0.0000   0.0000 +- 0.0000
 234     0       10     5826    0.0000 +- 0.0000   0.0000 +- 0.0000
 235     0       10     6019    0.0000 +- 0.0000   0.0000 +- 0.0000
 236     0        8     6522    0.0000 +- 0.0000   0.0000 +- 0.0000
 237     0        8     6338    0.0000 +- 0.0000   0.0000 +- 0.0000
 238     0        8     6340    0.0000 +- 0.0000   0.0000 +- 0.0000
 239     0        7     5768    0.0000 +- 0.0000   0.0000 +- 0.0000
 240     0        3     5886    0.0000 +- 0.0000   0.0000 +- 0.0000
 241     0        8     6341    0.0000 +- 0.0000   0.0000 +- 0.0000
 242     0       12     6613    0.0000 +- 0.0000   0.0000 +- 0.0000
 243     0        8     6771    0.0000 +- 0.0000   0.0000 +- 0.0000
 244     0        8     6595    0.0000 +- 0.0000   0.0000 +- 0.0000
 245     0        6     6752    0.0000 +- 0.0000   0.0000 +- 0.0000
 246     0       14     6804    0.0000 +- 0.0000   0.0000 +- 0.0000
 247     0       13     6949    0.0000 +- 0.0000   0.0000 +- 0.0000
 248     0        9     7110    0.0000 +- 0.0000   0.0000 +- 0.0000
 249     0       11     7001    0.0000 +- 0.0000   0.0000 +- 0.0000
 250     0        6     6477    0.0000 +- 0.0000   0.0000 +- 0.0000
 251     0        9     6326    0.0000 +- 0.0000   0.0000 +- 0.0000
 252     0       14     6611    0.0000 +- 0.0000   0.0000 +- 0.0000
 253     0        8     7067    0.0000 +- 0.0000   0.0000 +- 0.0000
 254     0       17     7774    0.0000 +- 0.0000   0.0000 +- 0.0000
 255     1       15     8028    0.0667 +- 0.0689  -0.0003 +- -0.0003
 256     0       12     7848    0.0000 +- 0.0000   0.0000 +- 0.0000
 257     0       12     8248    0.0000 +- 0.0000   0.0000 +- 0.0000
 258     0       15     8597    0.0000 +- 0.0000   0.0000 +- 0.0000
 259     0       13     8402    0.0000 +- 0.0000   0.0000 +- 0.0000
 260     0       14     8956    0.0000 +- 0.0000   0.0000 +- 0.0000
 261     0        8     2627    0.0000 +- 0.0000   0.0000 +- 0.0000
 262     1       20     8535    0.0500 +- 0.0512  -0.0003 +- -0.0003
 263     0       11     7844    0.0000 +- 0.0000   0.0000 +- 0.0000
 264     0        6     3576    0.0000 +- 0.0000   0.0000 +- 0.0000
 265     0        4     2965    0.0000 +- 0.0000   0.0000 +- 0.0000
 266     0       13     8023    0.0000 +- 0.0000   0.0000 +- 0.0000
 267     0       11     7303    0.0000 +- 0.0000   0.0000 +- 0.0000
 268     0       81     8737    0.0000 +- 0.0000   0.0000 +- 0.0000
 269     0       69     8216    0.0000 +- 0.0000   0.0000 +- 0.0000
 270     0       10     9893    0.0000 +- 0.0000   0.0000 +- 0.0000
 271     0       19     9763    0.0000 +- 0.0000   0.0000 +- 0.0000
 272     0       15    10554    0.0000 +- 0.0000   0.0000 +- 0.0000
 273     0       11     8942    0.0000 +- 0.0000   0.0000 +- 0.0000
 274     0       11     8705    0.0000 +- 0.0000   0.0000 +- 0.0000
 275     0        6     9264    0.0000 +- 0.0000   0.0000 +- 0.0000
 276     0       13     9335    0.0000 +- 0.0000   0.0000 +- 0.0000
 277     0       14     9955    0.0000 +- 0.0000   0.0000 +- 0.0000
 278     0        9     9695    0.0000 +- 0.0000   0.0000 +- 0.0000
 279     0        8     9641    0.0000 +- 0.0000   0.0000 +- 0.0000
 280     0        9    10953    0.0000 +- 0.0000   0.0000 +- 0.0000
 281     0        9     9713    0.0000 +- 0.0000   0.0000 +- 0.0000
 282     0       10     8670    0.0000 +- 0.0000   0.0000 +- 0.0000
 283     0        5     7989    0.0000 +- 0.0000   0.0000 +- 0.0000
 284     0        6     8519    0.0000 +- 0.0000   0.0000 +- 0.0000
 285     0        6    10575    0.0000 +- 0.0000   0.0000 +- 0.0000
 286     0       12    10975    0.0000 +- 0.0000   0.0000 +- 0.0000
 287     0       11    10618    0.0000 +- 0.0000   0.0000 +- 0.0000
 288     0       11    11646    0.0000 +- 0.0000   0.0000 +- 0.0000
 289     0        8     6727    0.0000 +- 0.0000   0.0000 +- 0.0000
 290     0       21    12952    0.0000 +- 0.0000   0.0000 +- 0.0000
 291     0       11     8469    0.0000 +- 0.0000   0.0000 +- 0.0000
 292     0       11    10557    0.0000 +- 0.0000   0.0000 +- 0.0000
 293     0       20    13072    0.0000 +- 0.0000   0.0000 +- 0.0000
 294     0       23    13721    0.0000 +- 0.0000   0.0000 +- 0.0000
 295     0       18    12716    0.0000 +- 0.0000   0.0000 +- 0.0000
 296     0       15    13291    0.0000 +- 0.0000   0.0000 +- 0.0000
 297     0       18    13093    0.0000 +- 0.0000   0.0000 +- 0.0000
 298     0       17    13249    0.0000 +- 0.0000   0.0000 +- 0.0000
 299     0       20    14161    0.0000 +- 0.0000   0.0000 +- 0.0000
 300     0       21    14588    0.0000 +- 0.0000   0.0000 +- 0.0000
 301     0       19    15124    0.0000 +- 0.0000   0.0000 +- 0.0000
 302     0       14    14927    0.0000 +- 0.0000   0.0000 +- 0.0000
 303     0       12    15131    0.0000 +- 0.0000   0.0000 +- 0.0000
 304     0       18    15443    0.0000 +- 0.0000   0.0000 +- 0.0000
 305     0       18    15912    0.0000 +- 0.0000   0.0000 +- 0.0000
 306     0       26    16680    0.0000 +- 0.0000   0.0000 +- 0.0000
 307     0       23    16646    0.0000 +- 0.0000   0.0000 +- 0.0000
 308     0      108    14905    0.0000 +- 0.0000   0.0000 +- 0.0000
 309     0       18    17674    0.0000 +- 0.0000   0.0000 +- 0.0000
 310     0       17    17849    0.0000 +- 0.0000   0.0000 +- 0.0000
 311     0       14    16918    0.0000 +- 0.0000   0.0000 +- 0.0000
 312     0       11    18028    0.0000 +- 0.0000   0.0000 +- 0.0000
 313     0       15    18560    0.0000 +- 0.0000   0.0000 +- 0.0000
 314     0       13    17837    0.0000 +- 0.0000   0.0000 +- 0.0000
 315     0       11    18496    0.0000 +- 0.0000   0.0000 +- 0.0000
 316     0       15    18665    0.0000 +- 0.0000   0.0000 +- 0.0000
 317     0       12    19524    0.0000 +- 0.0000   0.0000 +- 0.0000
 318     0       12    20215    0.0000 +- 0.0000   0.0000 +- 0.0000
 319     0       15    19633    0.0000 +- 0.0000   0.0000 +- 0.0000
 320     0       12    20901    0.0000 +- 0.0000   0.0000 +- 0.0000
 321     0       10    21959    0.0000 +- 0.0000   0.0000 +- 0.0000
 322     0       16    22185    0.0000 +- 0.0000   0.0000 +- 0.0000
 323     0        8    15785    0.0000 +- 0.0000   0.0000 +- 0.0000
 324     0        7    13966    0.0000 +- 0.0000   0.0000 +- 0.0000
 325     0        9    21663    0.0000 +- 0.0000   0.0000 +- 0.0000
 326     0       15    21724    0.0000 +- 0.0000   0.0000 +- 0.0000
 327     0       15    23519    0.0000 +- 0.0000   0.0000 +- 0.0000
 328     0       18    25561    0.0000 +- 0.0000   0.0000 +- 0.0000
 329     0       17    25444    0.0000 +- 0.0000   0.0000 +- 0.0000
 330     0        9    25908    0.0000 +- 0.0000   0.0000 +- 0.0000
 331     0        9    26487    0.0000 +- 0.0000   0.0000 +- 0.0000
 332     0       15    24329    0.0000 +- 0.0000   0.0000 +- 0.0000
 333     0       16    25124    0.0000 +- 0.0000   0.0000 +- 0.0000
 334     0       12    31489    0.0000 +- 0.0000   0.0000 +- 0.0000
 335     0       16    30987    0.0000 +- 0.0000   0.0000 +- 0.0000
 336     0        9    31288    0.0000 +- 0.0000   0.0000 +- 0.0000
 337     0        0        0    0.0000 +- 0.0000   0.0000 +- 0.0000
 338     0        0        0    0.0000 +- 0.0000   0.0000 +- 0.0000
 339     0        0        0    0.0000 +- 0.0000   0.0000 +- 0.0000
 340     0        0        0    0.0000 +- 0.0000   0.0000 +- 0.0000
 341     0        0        0    0.0000 +- 0.0000   0.0000 +- 0.0000
 342     0        0        0    0.0000 +- 0.0000   0.0000 +- 0.0000
 343     0        0        0    0.0000 +- 0.0000   0.0000 +- 0.0000
 344     0        0        0    0.0000 +- 0.0000   0.0000 +- 0.0000
 345     0        0        0    0.0000 +- 0.0000   0.0000 +- 0.0000
 346     0        0        0    0.0000 +- 0.0000   0.0000 +- 0.0000
 347     0        0        0    0.0000 +- 0.0000   0.0000 +- 0.0000
 348     0        0        0    0.0000 +- 0.0000   0.0000 +- 0.0000
 349     0        0        0    0.0000 +- 0.0000   0.0000 +- 0.0000
 350     0        0        0    0.0000 +- 0.0000   0.0000 +- 0.0000
 351     0        0        0    0.0000 +- 0.0000   0.0000 +- 0.0000

Mean tagging efficiency -0.0003 +-  0.0214
	                       0.0378 +-  0.0227 without background subtraction

