 Tagging efficiency calculation
 J.R.M.Annand 2008.10.02
Clock = 3.24095e+08   Inhib.Clock = 1.44407e+08   Live =  0.44557
Backgr.clock = 1.06413e+09    Backgr.Inhib.clock = 3.31927e+08  Live = 0.311922
Background scale factor = 0.435056

  Chan  Hits  Scaler Background     TaggEff        TaggEff(back-sub)
   0     0        0        0    0.0000 +- 0.0000   0.0000 +- 0.0000
   1    37      199       13    0.1859 +- 0.0333   0.1914 +- 0.0345
   2    31      118       15    0.2627 +- 0.0530   0.2781 +- 0.0570
   3    28      367       26    0.0763 +- 0.0150   0.0787 +- 0.0155
   4    26      345       20    0.0754 +- 0.0153   0.0773 +- 0.0158
   5    23      292       18    0.0788 +- 0.0171   0.0809 +- 0.0176
   6    74      374       19    0.1979 +- 0.0252   0.2023 +- 0.0259
   7    60      448       32    0.1339 +- 0.0184   0.1382 +- 0.0191
   8    72      495       31    0.1455 +- 0.0183   0.1495 +- 0.0189
   9    70      497       26    0.1408 +- 0.0180   0.1441 +- 0.0185
  10    50      468       20    0.1068 +- 0.0159   0.1089 +- 0.0162
  11    67      396       20    0.1692 +- 0.0224   0.1730 +- 0.0229
  12    65      517       21    0.1257 +- 0.0165   0.1280 +- 0.0169
  13    56      198       19    0.2828 +- 0.0428   0.2952 +- 0.0452
  14    66      199       16    0.3317 +- 0.0471   0.3437 +- 0.0494
  15    81      178       11    0.4551 +- 0.0610   0.4676 +- 0.0633
  16    88      348       20    0.2529 +- 0.0302   0.2594 +- 0.0311
  17    75      384       15    0.1953 +- 0.0247   0.1987 +- 0.0252
  18    86      353       19    0.2436 +- 0.0293   0.2495 +- 0.0302
  19    79      335       25    0.2358 +- 0.0295   0.2437 +- 0.0307
  20    82      506       28    0.1621 +- 0.0193   0.1661 +- 0.0199
  21    38      450       24    0.0844 +- 0.0143   0.0865 +- 0.0146
  22    70      509       26    0.1375 +- 0.0175   0.1407 +- 0.0180
  23    58      233       17    0.2489 +- 0.0365   0.2571 +- 0.0380
  24    62      310       20    0.2000 +- 0.0278   0.2058 +- 0.0288
  25    92      649       27    0.1418 +- 0.0158   0.1444 +- 0.0161
  26    70      401       22    0.1746 +- 0.0226   0.1788 +- 0.0233
  27    89      471       25    0.1890 +- 0.0218   0.1934 +- 0.0225
  28    92      523       46    0.1759 +- 0.0199   0.1829 +- 0.0208
  29    64      470       29    0.1362 +- 0.0181   0.1399 +- 0.0187
  30    94      558       25    0.1685 +- 0.0188   0.1718 +- 0.0192
  31    61      329       22    0.1854 +- 0.0258   0.1910 +- 0.0268
  32    49      533       23    0.0919 +- 0.0137   0.0937 +- 0.0140
  33    69      566       31    0.1219 +- 0.0155   0.1249 +- 0.0160
  34    56      340       27    0.1647 +- 0.0238   0.1706 +- 0.0248
  35    61      447       28    0.1365 +- 0.0186   0.1403 +- 0.0192
  36    84      502       19    0.1673 +- 0.0197   0.1701 +- 0.0201
  37    79      513       20    0.1540 +- 0.0186   0.1567 +- 0.0190
  38    77      497       34    0.1549 +- 0.0190   0.1597 +- 0.0197
  39     8       81       12    0.0988 +- 0.0366   0.1056 +- 0.0394
  40    13       77       17    0.1688 +- 0.0506   0.1868 +- 0.0571
  41    85      458       30    0.1856 +- 0.0219   0.1910 +- 0.0227
  42    71      522       22    0.1360 +- 0.0172   0.1386 +- 0.0176
  43    59      456       29    0.1294 +- 0.0179   0.1331 +- 0.0185
  44    74      506       14    0.1462 +- 0.0182   0.1480 +- 0.0185
  45    65      496       24    0.1310 +- 0.0173   0.1339 +- 0.0177
  46    71      506       32    0.1403 +- 0.0178   0.1443 +- 0.0184
  47    97      530       34    0.1830 +- 0.0202   0.1883 +- 0.0209
  48    73      463       24    0.1577 +- 0.0199   0.1613 +- 0.0204
  49    69      527       20    0.1309 +- 0.0168   0.1331 +- 0.0171
  50    77      504       25    0.1528 +- 0.0187   0.1561 +- 0.0192
  51   101      522       25    0.1935 +- 0.0210   0.1976 +- 0.0216
  52    34      210       15    0.1619 +- 0.0299   0.1671 +- 0.0311
  53    36      227       22    0.1586 +- 0.0285   0.1656 +- 0.0299
  54    84      466       32    0.1803 +- 0.0214   0.1858 +- 0.0222
  55    75      501       22    0.1497 +- 0.0185   0.1526 +- 0.0190
  56    83      546       40    0.1520 +- 0.0179   0.1570 +- 0.0186
  57    82      564       28    0.1454 +- 0.0172   0.1486 +- 0.0176
  58    67      473       24    0.1416 +- 0.0185   0.1448 +- 0.0190
  59    98      508       22    0.1929 +- 0.0213   0.1966 +- 0.0218
  60    59      298       18    0.1980 +- 0.0282   0.2033 +- 0.0291
  61    45      255       17    0.1765 +- 0.0285   0.1817 +- 0.0295
  62    83      499       19    0.1663 +- 0.0197   0.1691 +- 0.0201
  63    76      486       16    0.1564 +- 0.0193   0.1587 +- 0.0196
  64    97      580       33    0.1672 +- 0.0183   0.1715 +- 0.0189
  65    73      567       31    0.1287 +- 0.0160   0.1319 +- 0.0165
  66    91      552       24    0.1649 +- 0.0187   0.1680 +- 0.0191
  67    93      570       30    0.1632 +- 0.0182   0.1670 +- 0.0187
  68    93      613       31    0.1517 +- 0.0169   0.1551 +- 0.0173
  69   121      604       25    0.2003 +- 0.0200   0.2040 +- 0.0204
  70    82      402       14    0.2040 +- 0.0247   0.2071 +- 0.0252
  71    92      431       23    0.2135 +- 0.0245   0.2185 +- 0.0252
  72   111      600       27    0.1850 +- 0.0191   0.1887 +- 0.0196
  73   120      605       36    0.1983 +- 0.0198   0.2036 +- 0.0205
  74    96      607       28    0.1582 +- 0.0174   0.1614 +- 0.0178
  75    91      558       33    0.1631 +- 0.0184   0.1674 +- 0.0190
  76    86      552       38    0.1558 +- 0.0181   0.1606 +- 0.0187
  77   123      595       37    0.2067 +- 0.0205   0.2125 +- 0.0212
  78   112      632       27    0.1772 +- 0.0182   0.1806 +- 0.0186
  79   123      684       33    0.1798 +- 0.0176   0.1837 +- 0.0181
  80   128      694       35    0.1844 +- 0.0177   0.1886 +- 0.0182
  81   141      665       26    0.2120 +- 0.0197   0.2157 +- 0.0201
  82   112      673       30    0.1664 +- 0.0170   0.1697 +- 0.0174
  83   116      677       28    0.1713 +- 0.0172   0.1745 +- 0.0176
  84   141      753       23    0.1873 +- 0.0172   0.1898 +- 0.0175
  85   111      598       17    0.1856 +- 0.0192   0.1879 +- 0.0195
  86   124      612       21    0.2026 +- 0.0200   0.2057 +- 0.0203
  87   121      644       35    0.1879 +- 0.0186   0.1924 +- 0.0192
  88   113      636       26    0.1777 +- 0.0181   0.1809 +- 0.0185
  89   112      629       33    0.1781 +- 0.0183   0.1822 +- 0.0188
  90   135      727       41    0.1857 +- 0.0174   0.1904 +- 0.0179
  91   130      677       27    0.1920 +- 0.0184   0.1954 +- 0.0188
  92   127      711       28    0.1786 +- 0.0172   0.1817 +- 0.0176
  93   139      724       34    0.1920 +- 0.0178   0.1960 +- 0.0182
  94   142      712       29    0.1994 +- 0.0183   0.2030 +- 0.0187
  95   134      729       32    0.1838 +- 0.0173   0.1874 +- 0.0177
  96   115      654       35    0.1758 +- 0.0178   0.1800 +- 0.0183
  97    88      462       29    0.1905 +- 0.0222   0.1958 +- 0.0229
  98   116      673       42    0.1724 +- 0.0173   0.1772 +- 0.0179
  99   127      684       48    0.1857 +- 0.0179   0.1915 +- 0.0186
 100   108      684       37    0.1579 +- 0.0163   0.1617 +- 0.0168
 101   114      769      102    0.1482 +- 0.0149   0.1573 +- 0.0159
 102   104      675       37    0.1541 +- 0.0162   0.1578 +- 0.0167
 103   109      762       38    0.1430 +- 0.0146   0.1462 +- 0.0150
 104    91      582       21    0.1564 +- 0.0176   0.1589 +- 0.0180
 105   141      765       36    0.1843 +- 0.0169   0.1882 +- 0.0173
 106    87      590       23    0.1475 +- 0.0169   0.1500 +- 0.0173
 107   138      771       18    0.1790 +- 0.0165   0.1808 +- 0.0167
 108   148      757       28    0.1955 +- 0.0176   0.1987 +- 0.0179
 109   122      745       29    0.1638 +- 0.0160   0.1666 +- 0.0163
 110   131      753       32    0.1740 +- 0.0165   0.1772 +- 0.0168
 111   108      699       41    0.1545 +- 0.0160   0.1586 +- 0.0165
 112   104      731       21    0.1423 +- 0.0149   0.1441 +- 0.0151
 113   124      813       39    0.1525 +- 0.0147   0.1558 +- 0.0151
 114   120      774       27    0.1550 +- 0.0152   0.1574 +- 0.0155
 115    95      697       27    0.1363 +- 0.0149   0.1386 +- 0.0152
 116   101      748       33    0.1350 +- 0.0143   0.1377 +- 0.0146
 117   120      693       21    0.1732 +- 0.0171   0.1755 +- 0.0174
 118    98      685       25    0.1431 +- 0.0155   0.1454 +- 0.0157
 119    99      641       21    0.1544 +- 0.0167   0.1567 +- 0.0170
 120    86      625       36    0.1376 +- 0.0158   0.1411 +- 0.0163
 121   122      773       39    0.1578 +- 0.0154   0.1614 +- 0.0158
 122   122      799       29    0.1527 +- 0.0148   0.1551 +- 0.0151
 123   133      784       31    0.1696 +- 0.0159   0.1726 +- 0.0162
 124   135      832       30    0.1623 +- 0.0151   0.1648 +- 0.0153
 125   110      798       33    0.1378 +- 0.0140   0.1404 +- 0.0143
 126   103      751       30    0.1372 +- 0.0144   0.1396 +- 0.0147
 127   105      725       37    0.1448 +- 0.0151   0.1481 +- 0.0155
 128   125      775       33    0.1613 +- 0.0155   0.1643 +- 0.0159
 129   123      803       32    0.1532 +- 0.0148   0.1559 +- 0.0151
 130   121      812       24    0.1490 +- 0.0145   0.1510 +- 0.0147
 131   103      843       26    0.1222 +- 0.0128   0.1238 +- 0.0130
 132   126      833       30    0.1513 +- 0.0145   0.1537 +- 0.0147
 133   115      836       36    0.1376 +- 0.0137   0.1402 +- 0.0140
 134   120      875       33    0.1371 +- 0.0134   0.1394 +- 0.0136
 135   139      872       37    0.1594 +- 0.0146   0.1624 +- 0.0149
 136   144      892       32    0.1614 +- 0.0145   0.1640 +- 0.0148
 137   122      869       36    0.1404 +- 0.0136   0.1430 +- 0.0139
 138   147      892       38    0.1648 +- 0.0147   0.1679 +- 0.0150
 139   155      839       46    0.1847 +- 0.0162   0.1893 +- 0.0166
 140    91      613       22    0.1485 +- 0.0167   0.1508 +- 0.0170
 141    85      612       14    0.1389 +- 0.0161   0.1403 +- 0.0163
 142   121      852       20    0.1420 +- 0.0138   0.1435 +- 0.0140
 143   108      909       28    0.1188 +- 0.0121   0.1204 +- 0.0123
 144   141      923       28    0.1528 +- 0.0138   0.1548 +- 0.0140
 145   131      912       21    0.1436 +- 0.0134   0.1451 +- 0.0136
 146   116      806       22    0.1439 +- 0.0143   0.1457 +- 0.0145
 147   116      875       31    0.1326 +- 0.0131   0.1346 +- 0.0133
 148   136      928       30    0.1466 +- 0.0135   0.1486 +- 0.0137
 149   142      943       27    0.1506 +- 0.0136   0.1525 +- 0.0138
 150   119      940       30    0.1266 +- 0.0123   0.1284 +- 0.0125
 151   138      950       39    0.1453 +- 0.0132   0.1479 +- 0.0135
 152   135      928       17    0.1455 +- 0.0134   0.1466 +- 0.0135
 153   123     1226       38    0.1003 +- 0.0095   0.1017 +- 0.0096
 154   143      943       27    0.1516 +- 0.0136   0.1536 +- 0.0138
 155   130      933       30    0.1393 +- 0.0130   0.1413 +- 0.0133
 156   132      942       38    0.1401 +- 0.0130   0.1426 +- 0.0133
 157   128      952       33    0.1345 +- 0.0127   0.1365 +- 0.0129
 158   122      943       36    0.1294 +- 0.0124   0.1316 +- 0.0127
 159   145      935       25    0.1551 +- 0.0138   0.1569 +- 0.0140
 160   144      993       31    0.1450 +- 0.0129   0.1470 +- 0.0131
 161    94     1081       38    0.0870 +- 0.0094   0.0883 +- 0.0095
 162   170     1331       42    0.1277 +- 0.0104   0.1295 +- 0.0106
 163   133      786       23    0.1692 +- 0.0159   0.1714 +- 0.0161
 164   155     1042       24    0.1488 +- 0.0128   0.1503 +- 0.0130
 165   132      982       30    0.1344 +- 0.0125   0.1362 +- 0.0127
 166   119      774       18    0.1537 +- 0.0151   0.1553 +- 0.0153
 167   109      782       31    0.1394 +- 0.0143   0.1418 +- 0.0145
 168   167     1023       26    0.1632 +- 0.0136   0.1651 +- 0.0138
 169   139     1008       29    0.1379 +- 0.0125   0.1396 +- 0.0127
 170   143     1015       29    0.1409 +- 0.0126   0.1427 +- 0.0128
 171   154      992       21    0.1552 +- 0.0134   0.1567 +- 0.0136
 172   128     1029       23    0.1244 +- 0.0117   0.1256 +- 0.0118
 173   110      891       18    0.1235 +- 0.0125   0.1246 +- 0.0126
 174   109      854       25    0.1276 +- 0.0130   0.1293 +- 0.0132
 175   138     1006       19    0.1372 +- 0.0125   0.1383 +- 0.0126
 176   138     1128       23    0.1223 +- 0.0110   0.1234 +- 0.0111
 177   132     1070       28    0.1234 +- 0.0114   0.1248 +- 0.0115
 178   151     1064       30    0.1419 +- 0.0123   0.1437 +- 0.0125
 179   142     1123       30    0.1264 +- 0.0113   0.1279 +- 0.0114
 180   159     1126       28    0.1412 +- 0.0120   0.1428 +- 0.0121
 181   148     1019       38    0.1452 +- 0.0128   0.1476 +- 0.0130
 182   155     1246       44    0.1244 +- 0.0106   0.1263 +- 0.0108
 183   149     1126       46    0.1323 +- 0.0115   0.1347 +- 0.0118
 184   170     1170       48    0.1453 +- 0.0119   0.1479 +- 0.0122
 185   153     1157       44    0.1322 +- 0.0114   0.1345 +- 0.0116
 186   166     1253       52    0.1325 +- 0.0109   0.1349 +- 0.0112
 187   148     1211       37    0.1222 +- 0.0106   0.1239 +- 0.0108
 188   168     1251       34    0.1343 +- 0.0110   0.1359 +- 0.0112
 189   183     1175       53    0.1557 +- 0.0124   0.1589 +- 0.0127
 190   168     1241       39    0.1354 +- 0.0111   0.1373 +- 0.0113
 191   179     1113       37    0.1608 +- 0.0130   0.1632 +- 0.0132
 192   179     1165       34    0.1536 +- 0.0123   0.1556 +- 0.0125
 193   184     1198       22    0.1536 +- 0.0122   0.1548 +- 0.0123
 194   158     1232       25    0.1282 +- 0.0108   0.1294 +- 0.0109
 195   196     1263       38    0.1552 +- 0.0119   0.1572 +- 0.0121
 196   178     1229       31    0.1448 +- 0.0116   0.1464 +- 0.0118
 197   176     1129       25    0.1559 +- 0.0126   0.1574 +- 0.0128
 198   177     1157       13    0.1530 +- 0.0123   0.1537 +- 0.0124
 199   111      770       16    0.1442 +- 0.0146   0.1455 +- 0.0148
 200   168     1190       20    0.1412 +- 0.0116   0.1422 +- 0.0117
 201   163     1097       37    0.1486 +- 0.0125   0.1508 +- 0.0127
 202   114     1329       41    0.0858 +- 0.0084   0.0869 +- 0.0085
 203    39     2018     2131    0.0193 +- 0.0031   0.0358 +- 0.0059
 204    87     1281      448    0.0679 +- 0.0075   0.0801 +- 0.0090
 205   137     1447       52    0.0947 +- 0.0085   0.0962 +- 0.0086
 206   209     1468       43    0.1424 +- 0.0105   0.1442 +- 0.0107
 207   206     1476       45    0.1396 +- 0.0104   0.1414 +- 0.0105
 208   200     1428       34    0.1401 +- 0.0106   0.1415 +- 0.0107
 209   194     1320       20    0.1470 +- 0.0113   0.1479 +- 0.0114
 210   205     1536       35    0.1335 +- 0.0099   0.1348 +- 0.0100
 211   189     1422       18    0.1329 +- 0.0103   0.1336 +- 0.0104
 212   218     1466       28    0.1487 +- 0.0108   0.1499 +- 0.0109
 213   227     1492       35    0.1521 +- 0.0108   0.1537 +- 0.0110
 214   204     1392       21    0.1466 +- 0.0110   0.1475 +- 0.0111
 215   223     1465       29    0.1522 +- 0.0109   0.1535 +- 0.0111
 216   224     1461       21    0.1533 +- 0.0110   0.1543 +- 0.0111
 217   202     1257       23    0.1607 +- 0.0122   0.1620 +- 0.0123
 218   240     1545       34    0.1553 +- 0.0108   0.1568 +- 0.0109
 219   249     1601       37    0.1555 +- 0.0106   0.1571 +- 0.0107
 220   182     1430       17    0.1273 +- 0.0100   0.1279 +- 0.0101
 221   223     1452       25    0.1536 +- 0.0110   0.1547 +- 0.0111
 222   218     1630       34    0.1337 +- 0.0096   0.1350 +- 0.0097
 223   236     1595       37    0.1480 +- 0.0103   0.1495 +- 0.0104
 224   240     1667       44    0.1440 +- 0.0099   0.1456 +- 0.0101
 225   238     1866       43    0.1275 +- 0.0088   0.1288 +- 0.0089
 226   210     1464       30    0.1434 +- 0.0106   0.1447 +- 0.0107
 227   213     1524       20    0.1398 +- 0.0102   0.1406 +- 0.0103
 228   261     1753       27    0.1489 +- 0.0099   0.1499 +- 0.0100
 229   249     1694       31    0.1470 +- 0.0100   0.1482 +- 0.0101
 230   253     1678       31    0.1508 +- 0.0102   0.1520 +- 0.0103
 231   270     1737       40    0.1554 +- 0.0102   0.1570 +- 0.0103
 232   272     1785       37    0.1524 +- 0.0099   0.1538 +- 0.0100
 233   236     1654       27    0.1427 +- 0.0099   0.1437 +- 0.0100
 234   250     1746       20    0.1432 +- 0.0097   0.1439 +- 0.0097
 235   285     1768       24    0.1612 +- 0.0103   0.1622 +- 0.0104
 236   287     1981       25    0.1449 +- 0.0092   0.1457 +- 0.0092
 237   267     1932       25    0.1382 +- 0.0090   0.1390 +- 0.0091
 238   290     1869       33    0.1552 +- 0.0098   0.1564 +- 0.0099
 239   257     1666       25    0.1543 +- 0.0103   0.1553 +- 0.0104
 240   288     1864       22    0.1545 +- 0.0098   0.1553 +- 0.0098
 241   291     1965       19    0.1481 +- 0.0093   0.1487 +- 0.0093
 242   351     2164       23    0.1622 +- 0.0093   0.1630 +- 0.0094
 243   327     2053       32    0.1593 +- 0.0095   0.1604 +- 0.0096
 244   366     2216       33    0.1652 +- 0.0093   0.1662 +- 0.0094
 245   386     2183       25    0.1768 +- 0.0098   0.1777 +- 0.0098
 246   392     2243       34    0.1748 +- 0.0096   0.1759 +- 0.0096
 247   331     2243       29    0.1476 +- 0.0087   0.1484 +- 0.0087
 248   421     2342       33    0.1798 +- 0.0095   0.1809 +- 0.0096
 249   377     2304       30    0.1636 +- 0.0091   0.1646 +- 0.0092
 250   400     2101       26    0.1904 +- 0.0104   0.1914 +- 0.0105
 251   370     2037       16    0.1816 +- 0.0103   0.1823 +- 0.0103
 252   349     2103       18    0.1660 +- 0.0096   0.1666 +- 0.0096
 253   360     2139       24    0.1683 +- 0.0096   0.1691 +- 0.0096
 254   377     2417       25    0.1560 +- 0.0086   0.1567 +- 0.0087
 255   398     2621       27    0.1519 +- 0.0082   0.1525 +- 0.0082
 256   402     2509       34    0.1602 +- 0.0086   0.1612 +- 0.0087
 257   378     2618       26    0.1444 +- 0.0079   0.1450 +- 0.0080
 258   342     2611       46    0.1310 +- 0.0075   0.1320 +- 0.0076
 259   403     2656       44    0.1517 +- 0.0081   0.1528 +- 0.0082
 260   492     2801       40    0.1757 +- 0.0086   0.1767 +- 0.0086
 261   106      792       19    0.1338 +- 0.0138   0.1352 +- 0.0140
 262   489     2669       54    0.1832 +- 0.0090   0.1848 +- 0.0091
 263   369     2338       22    0.1578 +- 0.0088   0.1585 +- 0.0089
 264   165     1038       16    0.1590 +- 0.0133   0.1600 +- 0.0134
 265   103      817       17    0.1261 +- 0.0132   0.1272 +- 0.0133
 266   393     2427       27    0.1619 +- 0.0088   0.1627 +- 0.0089
 267   294     2188       34    0.1344 +- 0.0083   0.1353 +- 0.0084
 268   395     2742      189    0.1441 +- 0.0078   0.1485 +- 0.0080
 269   259     2513      163    0.1031 +- 0.0067   0.1061 +- 0.0069
 270   415     3096       41    0.1340 +- 0.0070   0.1348 +- 0.0071
 271   397     2847       75    0.1394 +- 0.0075   0.1411 +- 0.0076
 272   431     3121       40    0.1381 +- 0.0071   0.1389 +- 0.0071
 273   391     2769       42    0.1412 +- 0.0076   0.1421 +- 0.0077
 274   449     2861       30    0.1569 +- 0.0080   0.1577 +- 0.0080
 275   404     2858       23    0.1414 +- 0.0075   0.1419 +- 0.0075
 276   369     2749       43    0.1342 +- 0.0074   0.1352 +- 0.0075
 277   465     3174       46    0.1465 +- 0.0073   0.1474 +- 0.0073
 278   474     2924       29    0.1621 +- 0.0080   0.1628 +- 0.0081
 279   461     2939       27    0.1569 +- 0.0079   0.1575 +- 0.0079
 280   516     3269       31    0.1578 +- 0.0075   0.1585 +- 0.0075
 281   406     2906       25    0.1397 +- 0.0074   0.1402 +- 0.0074
 282   363     2577       27    0.1409 +- 0.0079   0.1415 +- 0.0079
 283   296     2236       19    0.1324 +- 0.0082   0.1329 +- 0.0082
 284   372     2537       20    0.1466 +- 0.0081   0.1471 +- 0.0082
 285   491     3366       26    0.1459 +- 0.0070   0.1464 +- 0.0071
 286   573     3564       39    0.1608 +- 0.0072   0.1615 +- 0.0073
 287   596     3590       42    0.1660 +- 0.0073   0.1669 +- 0.0074
 288   885     4246       49    0.2084 +- 0.0077   0.2095 +- 0.0077
 289   574     2640       21    0.2174 +- 0.0100   0.2182 +- 0.0101
 290  1347     5796       54    0.2324 +- 0.0070   0.2333 +- 0.0071
 291  1029     4166       39    0.2470 +- 0.0086   0.2480 +- 0.0086
 292  1514     5554       54    0.2726 +- 0.0079   0.2738 +- 0.0079
 293  1757     7079       79    0.2482 +- 0.0066   0.2494 +- 0.0067
 294  1811     7380       82    0.2454 +- 0.0064   0.2466 +- 0.0065
 295  1778     6992       68    0.2543 +- 0.0068   0.2554 +- 0.0068
 296  1850     7681       58    0.2409 +- 0.0062   0.2416 +- 0.0063
 297  1738     7449       76    0.2333 +- 0.0062   0.2344 +- 0.0062
 298  1882     7410       69    0.2540 +- 0.0066   0.2550 +- 0.0066
 299  2074     7811       49    0.2655 +- 0.0066   0.2662 +- 0.0066
 300  1952     7717       55    0.2529 +- 0.0064   0.2537 +- 0.0064
 301  1761     7911       48    0.2226 +- 0.0059   0.2232 +- 0.0059
 302  1640     7598       42    0.2158 +- 0.0059   0.2164 +- 0.0059
 303  1705     7578       59    0.2250 +- 0.0060   0.2258 +- 0.0061
 304  1763     7615       78    0.2315 +- 0.0061   0.2326 +- 0.0062
 305  1522     7626       64    0.1996 +- 0.0056   0.2003 +- 0.0056
 306  1559     7900       74    0.1973 +- 0.0055   0.1981 +- 0.0055
 307  1788     7932       96    0.2254 +- 0.0059   0.2266 +- 0.0059
 308   399     6100      454    0.0654 +- 0.0034   0.0676 +- 0.0035
 309  1380     8032       53    0.1718 +- 0.0050   0.1723 +- 0.0050
 310  1547     8065       61    0.1918 +- 0.0053   0.1924 +- 0.0053
 311  1550     7438       63    0.2084 +- 0.0058   0.2092 +- 0.0058
 312  1459     7908       61    0.1845 +- 0.0053   0.1851 +- 0.0053
 313  1371     7948       56    0.1725 +- 0.0050   0.1730 +- 0.0051
 314  1391     7672       45    0.1813 +- 0.0053   0.1818 +- 0.0053
 315  1377     7727       67    0.1782 +- 0.0052   0.1789 +- 0.0052
 316  1251     7821       52    0.1600 +- 0.0049   0.1604 +- 0.0049
 317  1299     8044       44    0.1615 +- 0.0048   0.1619 +- 0.0048
 318  1313     8325       45    0.1577 +- 0.0047   0.1581 +- 0.0047
 319  1273     7864       44    0.1619 +- 0.0049   0.1623 +- 0.0049
 320  1348     8528       45    0.1581 +- 0.0046   0.1584 +- 0.0046
 321  1399     8762       48    0.1597 +- 0.0046   0.1600 +- 0.0046
 322  1327     8647       58    0.1535 +- 0.0045   0.1539 +- 0.0045
 323   820     6001       32    0.1366 +- 0.0051   0.1370 +- 0.0051
 324   706     5160       31    0.1368 +- 0.0055   0.1372 +- 0.0055
 325  1137     8097       43    0.1404 +- 0.0044   0.1407 +- 0.0045
 326  1127     8255       46    0.1365 +- 0.0043   0.1369 +- 0.0043
 327  1211     8898       55    0.1361 +- 0.0042   0.1365 +- 0.0042
 328  1165     9300       61    0.1253 +- 0.0039   0.1256 +- 0.0039
 329  1172     9569       74    0.1225 +- 0.0038   0.1229 +- 0.0038
 330  1033     9697       65    0.1065 +- 0.0035   0.1068 +- 0.0035
 331   997     9739       30    0.1024 +- 0.0034   0.1025 +- 0.0034
 332   819     8703       38    0.0941 +- 0.0034   0.0943 +- 0.0034
 333   972     8884       52    0.1094 +- 0.0037   0.1097 +- 0.0037
 334  1233    11499       77    0.1072 +- 0.0032   0.1075 +- 0.0032
 335  1220    11368       47    0.1073 +- 0.0032   0.1075 +- 0.0032
 336  1417    11429       51    0.1240 +- 0.0035   0.1242 +- 0.0035
 337     0        0        0    0.0000 +- 0.0000   0.0000 +- 0.0000
 338     0        0        0    0.0000 +- 0.0000   0.0000 +- 0.0000
 339     0        0        0    0.0000 +- 0.0000   0.0000 +- 0.0000
 340     0        0        0    0.0000 +- 0.0000   0.0000 +- 0.0000
 341     0        0        0    0.0000 +- 0.0000   0.0000 +- 0.0000
 342     0        0        0    0.0000 +- 0.0000   0.0000 +- 0.0000
 343     0        0        0    0.0000 +- 0.0000   0.0000 +- 0.0000
 344     0        0        0    0.0000 +- 0.0000   0.0000 +- 0.0000
 345     0        0        0    0.0000 +- 0.0000   0.0000 +- 0.0000
 346     0        0        0    0.0000 +- 0.0000   0.0000 +- 0.0000
 347     0        0        0    0.0000 +- 0.0000   0.0000 +- 0.0000
 348     0        0        0    0.0000 +- 0.0000   0.0000 +- 0.0000
 349     0        0        0    0.0000 +- 0.0000   0.0000 +- 0.0000
 350     0        0        0    0.0000 +- 0.0000   0.0000 +- 0.0000
 351     0        0        0    0.0000 +- 0.0000   0.0000 +- 0.0000

Mean tagging efficiency  0.1614 +-  0.0009
	                       0.1590 +-  0.0009 without background subtraction

