 Tagging efficiency calculation
 J.R.M.Annand 2008.10.02
Clock = 8.35397e+08   Inhib.Clock = 3.49848e+08   Live =  0.41878
Backgr.clock = 9.30932e+08    Backgr.Inhib.clock = 2.73464e+08  Live = 0.293753
Background scale factor =  1.27932

  Chan  Hits  Scaler Background     TaggEff        TaggEff(back-sub)
   0     0        0        0    0.0000 +- 0.0000   0.0000 +- 0.0000
   1   212      647       30    0.3277 +- 0.0259   0.3483 +- 0.0283
   2   218      371       19    0.5876 +- 0.0501   0.6288 +- 0.0560
   3   180     1046       42    0.1721 +- 0.0139   0.1814 +- 0.0148
   4   107     1091       38    0.0981 +- 0.0099   0.1026 +- 0.0105
   5   169      940       50    0.1798 +- 0.0150   0.1929 +- 0.0164
   6   327     1061       41    0.3082 +- 0.0195   0.3242 +- 0.0209
   7   299     1325       35    0.2257 +- 0.0144   0.2336 +- 0.0151
   8   339     1337       44    0.2536 +- 0.0154   0.2647 +- 0.0163
   9   379     1345       49    0.2818 +- 0.0164   0.2956 +- 0.0175
  10   306     1416       37    0.2161 +- 0.0136   0.2236 +- 0.0142
  11   306      983       35    0.3113 +- 0.0204   0.3261 +- 0.0218
  12   311     1393       46    0.2233 +- 0.0140   0.2331 +- 0.0148
  13   326      662       27    0.4924 +- 0.0333   0.5196 +- 0.0362
  14   424      563       23    0.7531 +- 0.0484   0.7946 +- 0.0531
  15   445      567       34    0.7848 +- 0.0497   0.8500 +- 0.0571
  16   422     1002       35    0.4212 +- 0.0244   0.4409 +- 0.0262
  17   406     1155       41    0.3515 +- 0.0203   0.3682 +- 0.0217
  18   418      972       42    0.4300 +- 0.0252   0.4552 +- 0.0274
  19   454     1030       49    0.4408 +- 0.0248   0.4693 +- 0.0273
  20   433     1389       53    0.3117 +- 0.0172   0.3277 +- 0.0184
  21   203     1301       49    0.1560 +- 0.0118   0.1639 +- 0.0125
  22   322     1374       43    0.2344 +- 0.0145   0.2441 +- 0.0153
  23   323      632       23    0.5111 +- 0.0350   0.5360 +- 0.0377
  24   407      999       41    0.4074 +- 0.0240   0.4300 +- 0.0260
  25   438     1619       63    0.2705 +- 0.0146   0.2847 +- 0.0156
  26   368     1077       38    0.3417 +- 0.0206   0.3578 +- 0.0220
  27   376     1322       54    0.2844 +- 0.0166   0.3001 +- 0.0179
  28   445     1508       50    0.2951 +- 0.0159   0.3082 +- 0.0169
  29   370     1277       32    0.2897 +- 0.0171   0.2993 +- 0.0179
  30   469     1630       49    0.2877 +- 0.0151   0.2992 +- 0.0159
  31   264      835       39    0.3162 +- 0.0223   0.3363 +- 0.0244
  32   306     1415       51    0.2163 +- 0.0136   0.2267 +- 0.0145
  33   330     1569       52    0.2103 +- 0.0127   0.2196 +- 0.0135
  34   295      985       41    0.2995 +- 0.0199   0.3163 +- 0.0215
  35   375     1242       54    0.3019 +- 0.0178   0.3197 +- 0.0193
  36   412     1377       44    0.2992 +- 0.0168   0.3120 +- 0.0178
  37   356     1366       47    0.2606 +- 0.0155   0.2726 +- 0.0165
  38   418     1392       63    0.3003 +- 0.0167   0.3187 +- 0.0182
  39    51      202       17    0.2525 +- 0.0396   0.2829 +- 0.0462
  40    37      164       15    0.2256 +- 0.0411   0.2555 +- 0.0485
  41   393     1315       52    0.2989 +- 0.0172   0.3148 +- 0.0185
  42   423     1413       39    0.2994 +- 0.0166   0.3103 +- 0.0174
  43   390     1414       53    0.2758 +- 0.0158   0.2897 +- 0.0169
  44   411     1358       45    0.3027 +- 0.0170   0.3160 +- 0.0181
  45   390     1316       57    0.2964 +- 0.0171   0.3137 +- 0.0185
  46   387     1358       59    0.2850 +- 0.0164   0.3017 +- 0.0178
  47   380     1412       45    0.2691 +- 0.0156   0.2806 +- 0.0165
  48   403     1276       54    0.3158 +- 0.0180   0.3339 +- 0.0195
  49   408     1481       48    0.2755 +- 0.0154   0.2874 +- 0.0163
  50   362     1333       49    0.2716 +- 0.0161   0.2850 +- 0.0172
  51   432     1398       45    0.3090 +- 0.0170   0.3223 +- 0.0180
  52   168      600       21    0.2800 +- 0.0244   0.2931 +- 0.0260
  53   170      640       36    0.2656 +- 0.0229   0.2862 +- 0.0254
  54   456     1413       50    0.3227 +- 0.0174   0.3380 +- 0.0186
  55   436     1430       37    0.3049 +- 0.0167   0.3153 +- 0.0175
  56   427     1453       48    0.2939 +- 0.0162   0.3068 +- 0.0172
  57   400     1388       35    0.2882 +- 0.0164   0.2978 +- 0.0171
  58   422     1368       53    0.3085 +- 0.0172   0.3246 +- 0.0184
  59   458     1430       47    0.3203 +- 0.0172   0.3343 +- 0.0183
  60   224      790       34    0.2835 +- 0.0215   0.3001 +- 0.0232
  61   217      792       21    0.2740 +- 0.0210   0.2836 +- 0.0220
  62   480     1453       37    0.3304 +- 0.0174   0.3415 +- 0.0182
  63   415     1392       45    0.2981 +- 0.0167   0.3110 +- 0.0177
  64   455     1539       62    0.2956 +- 0.0158   0.3117 +- 0.0170
  65   513     1607       68    0.3192 +- 0.0162   0.3375 +- 0.0175
  66   502     1538       52    0.3264 +- 0.0168   0.3412 +- 0.0179
  67   507     1581       47    0.3207 +- 0.0164   0.3334 +- 0.0173
  68   501     1542       62    0.3249 +- 0.0167   0.3425 +- 0.0180
  69   471     1532       42    0.3074 +- 0.0162   0.3186 +- 0.0170
  70   347      970       38    0.3577 +- 0.0224   0.3766 +- 0.0241
  71   386     1148       44    0.3362 +- 0.0198   0.3536 +- 0.0213
  72   589     1626       55    0.3622 +- 0.0174   0.3786 +- 0.0186
  73   565     1692       57    0.3339 +- 0.0162   0.3490 +- 0.0173
  74   555     1734       53    0.3201 +- 0.0156   0.3331 +- 0.0165
  75   495     1486       53    0.3331 +- 0.0173   0.3490 +- 0.0185
  76   602     1689       57    0.3564 +- 0.0169   0.3725 +- 0.0180
  77   710     1924       67    0.3690 +- 0.0162   0.3862 +- 0.0173
  78   699     1848       68    0.3782 +- 0.0168   0.3969 +- 0.0180
  79   612     1798       80    0.3404 +- 0.0159   0.3609 +- 0.0173
  80   681     1852       57    0.3677 +- 0.0165   0.3828 +- 0.0175
  81   631     1816       54    0.3475 +- 0.0161   0.3612 +- 0.0170
  82   572     1753       51    0.3263 +- 0.0157   0.3389 +- 0.0166
  83   668     1816       69    0.3678 +- 0.0166   0.3866 +- 0.0179
  84   675     1943       72    0.3474 +- 0.0155   0.3647 +- 0.0166
  85   632     1711       53    0.3694 +- 0.0172   0.3846 +- 0.0182
  86   626     1777       48    0.3523 +- 0.0164   0.3649 +- 0.0172
  87   641     1892       59    0.3388 +- 0.0155   0.3529 +- 0.0164
  88   660     1934       66    0.3413 +- 0.0154   0.3568 +- 0.0164
  89   590     1725       62    0.3420 +- 0.0163   0.3585 +- 0.0175
  90   625     1825       53    0.3425 +- 0.0159   0.3557 +- 0.0168
  91   727     1965       55    0.3700 +- 0.0161   0.3837 +- 0.0169
  92   667     1925       49    0.3465 +- 0.0156   0.3582 +- 0.0163
  93   641     1931       52    0.3320 +- 0.0151   0.3438 +- 0.0159
  94   662     1978       55    0.3347 +- 0.0150   0.3470 +- 0.0158
  95   652     2023       65    0.3223 +- 0.0145   0.3361 +- 0.0154
  96   673     1970       73    0.3416 +- 0.0153   0.3586 +- 0.0164
  97   469     1400       60    0.3350 +- 0.0179   0.3544 +- 0.0194
  98   656     2000       57    0.3280 +- 0.0148   0.3404 +- 0.0156
  99   652     2009       62    0.3245 +- 0.0146   0.3379 +- 0.0155
 100   648     2053       68    0.3156 +- 0.0142   0.3296 +- 0.0151
 101   634     1904       75    0.3330 +- 0.0153   0.3507 +- 0.0164
 102   627     1984       68    0.3160 +- 0.0145   0.3305 +- 0.0154
 103   600     2026       61    0.2962 +- 0.0138   0.3080 +- 0.0145
 104   571     1762       50    0.3241 +- 0.0156   0.3363 +- 0.0164
 105   654     1988       49    0.3290 +- 0.0148   0.3397 +- 0.0155
 106   560     1647       50    0.3400 +- 0.0166   0.3538 +- 0.0176
 107   692     2074       60    0.3337 +- 0.0146   0.3465 +- 0.0155
 108   665     2028       74    0.3279 +- 0.0147   0.3440 +- 0.0157
 109   636     2141       51    0.2971 +- 0.0134   0.3064 +- 0.0140
 110   617     2056       53    0.3001 +- 0.0138   0.3103 +- 0.0144
 111   666     2161       75    0.3082 +- 0.0137   0.3225 +- 0.0146
 112   595     2090       59    0.2847 +- 0.0132   0.2954 +- 0.0139
 113   673     2130       61    0.3160 +- 0.0140   0.3280 +- 0.0147
 114   634     2026       49    0.3129 +- 0.0142   0.3229 +- 0.0149
 115   654     2150       64    0.3042 +- 0.0136   0.3162 +- 0.0143
 116   660     2123       58    0.3109 +- 0.0139   0.3221 +- 0.0146
 117   581     1990       51    0.2920 +- 0.0138   0.3019 +- 0.0144
 118   575     1894       63    0.3036 +- 0.0145   0.3171 +- 0.0154
 119   533     1907       50    0.2795 +- 0.0137   0.2892 +- 0.0143
 120   653     2078       51    0.3142 +- 0.0141   0.3244 +- 0.0147
 121   657     2266       65    0.2899 +- 0.0128   0.3010 +- 0.0135
 122   644     2294       80    0.2807 +- 0.0125   0.2938 +- 0.0133
 123   650     2315       73    0.2808 +- 0.0125   0.2926 +- 0.0132
 124   685     2257       56    0.3035 +- 0.0132   0.3134 +- 0.0138
 125   626     2237       49    0.2798 +- 0.0127   0.2879 +- 0.0132
 126   617     2243       65    0.2751 +- 0.0125   0.2857 +- 0.0132
 127   661     2087       69    0.3167 +- 0.0141   0.3307 +- 0.0150
 128   643     2119       78    0.3034 +- 0.0137   0.3184 +- 0.0146
 129   655     2369       67    0.2765 +- 0.0122   0.2869 +- 0.0128
 130   650     2303       77    0.2822 +- 0.0125   0.2949 +- 0.0133
 131   615     2282       60    0.2695 +- 0.0122   0.2789 +- 0.0128
 132   603     2331       57    0.2587 +- 0.0118   0.2670 +- 0.0123
 133   666     2406       64    0.2768 +- 0.0121   0.2866 +- 0.0127
 134   616     2330       91    0.2644 +- 0.0120   0.2783 +- 0.0128
 135   621     2396       78    0.2592 +- 0.0117   0.2704 +- 0.0124
 136   671     2473       58    0.2713 +- 0.0118   0.2797 +- 0.0123
 137   698     2481       70    0.2813 +- 0.0121   0.2919 +- 0.0127
 138   653     2413       68    0.2706 +- 0.0119   0.2807 +- 0.0125
 139   654     2301       75    0.2842 +- 0.0126   0.2966 +- 0.0134
 140   502     1797       51    0.2794 +- 0.0141   0.2899 +- 0.0148
 141   446     1685       44    0.2647 +- 0.0141   0.2738 +- 0.0148
 142   657     2322       56    0.2829 +- 0.0125   0.2920 +- 0.0131
 143   641     2536       78    0.2528 +- 0.0112   0.2631 +- 0.0118
 144   679     2382       75    0.2851 +- 0.0124   0.2970 +- 0.0131
 145   662     2414       67    0.2742 +- 0.0120   0.2843 +- 0.0126
 146   648     2400       83    0.2700 +- 0.0120   0.2825 +- 0.0127
 147   708     2567       72    0.2758 +- 0.0117   0.2861 +- 0.0123
 148   693     2490       72    0.2783 +- 0.0120   0.2890 +- 0.0126
 149   672     2583       76    0.2602 +- 0.0113   0.2703 +- 0.0119
 150   713     2573       90    0.2771 +- 0.0117   0.2901 +- 0.0125
 151   670     2489       74    0.2692 +- 0.0117   0.2798 +- 0.0123
 152   657     2504       64    0.2624 +- 0.0115   0.2712 +- 0.0120
 153   658     3482       98    0.1890 +- 0.0080   0.1960 +- 0.0084
 154   658     2516       59    0.2615 +- 0.0115   0.2696 +- 0.0119
 155   710     2621       67    0.2709 +- 0.0115   0.2800 +- 0.0120
 156   680     2651       73    0.2565 +- 0.0110   0.2659 +- 0.0116
 157   742     2750       62    0.2698 +- 0.0112   0.2778 +- 0.0116
 158   713     2686       61    0.2655 +- 0.0112   0.2734 +- 0.0116
 159   704     2706       71    0.2602 +- 0.0110   0.2692 +- 0.0115
 160   683     2868       67    0.2381 +- 0.0101   0.2455 +- 0.0106
 161   499     2918       93    0.1710 +- 0.0083   0.1783 +- 0.0087
 162   806     3582       89    0.2250 +- 0.0088   0.2324 +- 0.0092
 163   625     2092       57    0.2988 +- 0.0136   0.3095 +- 0.0143
 164   808     2866       76    0.2819 +- 0.0112   0.2918 +- 0.0118
 165   689     2934       70    0.2348 +- 0.0099   0.2422 +- 0.0104
 166   564     2279       67    0.2475 +- 0.0116   0.2571 +- 0.0123
 167   560     2170       54    0.2581 +- 0.0122   0.2666 +- 0.0128
 168   809     2893       87    0.2796 +- 0.0111   0.2908 +- 0.0117
 169   730     2702       80    0.2702 +- 0.0113   0.2808 +- 0.0119
 170   774     2869       72    0.2698 +- 0.0109   0.2787 +- 0.0114
 171   756     2762       82    0.2737 +- 0.0112   0.2845 +- 0.0118
 172   761     2810       72    0.2708 +- 0.0111   0.2800 +- 0.0116
 173   599     2459       58    0.2436 +- 0.0111   0.2512 +- 0.0116
 174   572     2326       49    0.2459 +- 0.0115   0.2527 +- 0.0119
 175   716     2875       73    0.2490 +- 0.0104   0.2574 +- 0.0109
 176   786     3124       86    0.2516 +- 0.0100   0.2608 +- 0.0105
 177   774     3040       79    0.2546 +- 0.0103   0.2634 +- 0.0107
 178   817     3042       81    0.2686 +- 0.0106   0.2780 +- 0.0111
 179   863     3222      101    0.2678 +- 0.0103   0.2790 +- 0.0109
 180   822     3096       73    0.2655 +- 0.0104   0.2738 +- 0.0109
 181   757     2804       78    0.2700 +- 0.0111   0.2799 +- 0.0116
 182   844     3545      112    0.2381 +- 0.0091   0.2481 +- 0.0096
 183   763     3154       97    0.2419 +- 0.0098   0.2518 +- 0.0103
 184   870     3308       89    0.2630 +- 0.0100   0.2724 +- 0.0105
 185   810     3280       82    0.2470 +- 0.0097   0.2551 +- 0.0101
 186   846     3336       86    0.2536 +- 0.0098   0.2622 +- 0.0102
 187   796     3268       71    0.2436 +- 0.0096   0.2505 +- 0.0100
 188   855     3468      116    0.2465 +- 0.0094   0.2576 +- 0.0100
 189   842     3296       91    0.2555 +- 0.0099   0.2648 +- 0.0104
 190   859     3430       94    0.2504 +- 0.0096   0.2595 +- 0.0100
 191   926     3286       96    0.2818 +- 0.0105   0.2927 +- 0.0110
 192   879     3306      102    0.2659 +- 0.0101   0.2768 +- 0.0107
 193   852     3327       93    0.2561 +- 0.0098   0.2656 +- 0.0103
 194   803     3370       79    0.2383 +- 0.0094   0.2456 +- 0.0097
 195   921     3433       78    0.2683 +- 0.0100   0.2763 +- 0.0104
 196   999     3472       84    0.2877 +- 0.0103   0.2969 +- 0.0108
 197   902     3155       80    0.2859 +- 0.0108   0.2955 +- 0.0113
 198   916     3410       62    0.2686 +- 0.0100   0.2750 +- 0.0103
 199   547     2200       58    0.2486 +- 0.0119   0.2573 +- 0.0124
 200   953     3463       85    0.2752 +- 0.0101   0.2841 +- 0.0105
 201   848     3124       86    0.2714 +- 0.0105   0.2814 +- 0.0110
 202   665     3735       92    0.1780 +- 0.0075   0.1838 +- 0.0078
 203   265     6016     2416    0.0440 +- 0.0028   0.0906 +- 0.0064
 204   438     3648      387    0.1201 +- 0.0061   0.1389 +- 0.0072
 205   778     4025      132    0.1933 +- 0.0076   0.2018 +- 0.0080
 206  1059     4067      107    0.2604 +- 0.0090   0.2695 +- 0.0094
 207  1069     4063      127    0.2631 +- 0.0090   0.2741 +- 0.0096
 208  1138     4130      122    0.2755 +- 0.0092   0.2864 +- 0.0097
 209   977     3842       97    0.2543 +- 0.0091   0.2628 +- 0.0095
 210  1096     4287      106    0.2557 +- 0.0087   0.2640 +- 0.0090
 211   993     3970       97    0.2501 +- 0.0089   0.2582 +- 0.0093
 212  1058     4115      107    0.2571 +- 0.0089   0.2660 +- 0.0093
 213  1165     4175      111    0.2790 +- 0.0092   0.2889 +- 0.0097
 214  1063     3791      101    0.2804 +- 0.0097   0.2903 +- 0.0102
 215  1192     4248       89    0.2806 +- 0.0092   0.2883 +- 0.0095
 216  1168     3997       92    0.2922 +- 0.0097   0.3011 +- 0.0101
 217  1074     3635       93    0.2955 +- 0.0103   0.3055 +- 0.0107
 218  1114     4182       93    0.2664 +- 0.0090   0.2742 +- 0.0093
 219  1123     4473      100    0.2511 +- 0.0084   0.2585 +- 0.0087
 220   922     3807       82    0.2422 +- 0.0089   0.2490 +- 0.0092
 221  1010     4057      101    0.2490 +- 0.0088   0.2571 +- 0.0091
 222  1162     4420      113    0.2629 +- 0.0087   0.2718 +- 0.0091
 223  1209     4658      114    0.2596 +- 0.0084   0.2679 +- 0.0087
 224  1168     4574      119    0.2554 +- 0.0084   0.2641 +- 0.0088
 225  1220     4977      130    0.2451 +- 0.0078   0.2536 +- 0.0082
 226  1031     4054       95    0.2543 +- 0.0089   0.2622 +- 0.0092
 227  1161     4148      106    0.2799 +- 0.0093   0.2894 +- 0.0097
 228  1333     4894      106    0.2724 +- 0.0084   0.2801 +- 0.0087
 229  1264     4886      102    0.2587 +- 0.0082   0.2658 +- 0.0085
 230  1346     4664       99    0.2886 +- 0.0089   0.2966 +- 0.0093
 231  1358     4875      116    0.2786 +- 0.0085   0.2873 +- 0.0089
 232  1338     5056      106    0.2646 +- 0.0081   0.2719 +- 0.0084
 233  1344     5099      110    0.2636 +- 0.0081   0.2711 +- 0.0084
 234  1354     5081      115    0.2665 +- 0.0082   0.2744 +- 0.0085
 235  1478     5190      119    0.2848 +- 0.0084   0.2934 +- 0.0087
 236  1556     5655      124    0.2752 +- 0.0079   0.2831 +- 0.0082
 237  1630     5759      128    0.2830 +- 0.0079   0.2913 +- 0.0083
 238  1793     5712      132    0.3139 +- 0.0085   0.3235 +- 0.0089
 239  1740     5082      108    0.3424 +- 0.0095   0.3520 +- 0.0099
 240  1724     5513      126    0.3127 +- 0.0086   0.3221 +- 0.0090
 241  1830     5952      133    0.3075 +- 0.0082   0.3165 +- 0.0086
 242  1795     6002      122    0.2991 +- 0.0080   0.3071 +- 0.0083
 243  1815     6011      144    0.3019 +- 0.0081   0.3115 +- 0.0084
 244  1841     5942      120    0.3098 +- 0.0083   0.3180 +- 0.0086
 245  1847     5888      154    0.3137 +- 0.0084   0.3245 +- 0.0088
 246  2007     6278      133    0.3197 +- 0.0082   0.3286 +- 0.0085
 247  1861     6259      125    0.2973 +- 0.0079   0.3051 +- 0.0081
 248  1908     6290      133    0.3033 +- 0.0079   0.3118 +- 0.0082
 249  1766     6226      142    0.2836 +- 0.0076   0.2922 +- 0.0080
 250  1753     5727      119    0.3061 +- 0.0084   0.3145 +- 0.0087
 251  1685     5456      113    0.3088 +- 0.0086   0.3172 +- 0.0089
 252  1728     5969      133    0.2895 +- 0.0079   0.2980 +- 0.0082
 253  1880     6450      150    0.2915 +- 0.0076   0.3004 +- 0.0080
 254  1856     6839      166    0.2714 +- 0.0071   0.2801 +- 0.0074
 255  1899     7029      157    0.2702 +- 0.0070   0.2781 +- 0.0073
 256  1756     6906      146    0.2543 +- 0.0068   0.2613 +- 0.0071
 257  1667     7019      148    0.2375 +- 0.0065   0.2441 +- 0.0067
 258  1763     7338      150    0.2403 +- 0.0064   0.2467 +- 0.0066
 259  1854     7370      177    0.2516 +- 0.0065   0.2595 +- 0.0068
 260  2276     7665      187    0.2969 +- 0.0071   0.3065 +- 0.0074
 261   535     2217       44    0.2413 +- 0.0116   0.2476 +- 0.0120
 262  2286     7292      181    0.3135 +- 0.0075   0.3238 +- 0.0079
 263  2017     6472      129    0.3117 +- 0.0079   0.3198 +- 0.0082
 264  1063     3934       93    0.2702 +- 0.0093   0.2786 +- 0.0097
 265   840     3181       85    0.2641 +- 0.0102   0.2734 +- 0.0107
 266  2047     6729      140    0.3042 +- 0.0077   0.3125 +- 0.0080
 267  1505     6188      130    0.2432 +- 0.0070   0.2499 +- 0.0072
 268  1750     7506      244    0.2331 +- 0.0062   0.2433 +- 0.0065
 269  1541     7126      259    0.2163 +- 0.0061   0.2268 +- 0.0065
 270  1961     8465      183    0.2317 +- 0.0058   0.2382 +- 0.0060
 271  1974     8042      199    0.2455 +- 0.0062   0.2535 +- 0.0064
 272  2169     8966      193    0.2419 +- 0.0058   0.2488 +- 0.0060
 273  2148     7402      168    0.2902 +- 0.0071   0.2989 +- 0.0074
 274  2109     7377      169    0.2859 +- 0.0071   0.2945 +- 0.0074
 275  2132     7944      174    0.2684 +- 0.0065   0.2761 +- 0.0068
 276  1972     7742      168    0.2547 +- 0.0064   0.2620 +- 0.0067
 277  2106     8407      179    0.2505 +- 0.0061   0.2575 +- 0.0063
 278  2263     8208      197    0.2757 +- 0.0065   0.2844 +- 0.0068
 279  2350     8249      191    0.2849 +- 0.0067   0.2936 +- 0.0069
 280  2352     9078      205    0.2591 +- 0.0060   0.2668 +- 0.0062
 281  2001     8181      168    0.2446 +- 0.0061   0.2512 +- 0.0063
 282  2204     8064      172    0.2733 +- 0.0066   0.2810 +- 0.0068
 283  1977     7455      138    0.2652 +- 0.0067   0.2716 +- 0.0069
 284  2321     7870      132    0.2949 +- 0.0070   0.3014 +- 0.0072
 285  3874    10954      167    0.3537 +- 0.0066   0.3607 +- 0.0068
 286  5161    12734      212    0.4053 +- 0.0067   0.4141 +- 0.0069
 287  6347    13943      209    0.4552 +- 0.0069   0.4641 +- 0.0071
 288  8743    16940      292    0.5161 +- 0.0068   0.5278 +- 0.0070
 289  5203    10209      200    0.5096 +- 0.0087   0.5227 +- 0.0090
 290 10678    20302      413    0.5260 +- 0.0063   0.5400 +- 0.0066
 291  6826    13702      288    0.4982 +- 0.0074   0.5119 +- 0.0077
 292  8685    16608      340    0.5229 +- 0.0069   0.5370 +- 0.0072
 293  9456    20144      418    0.4694 +- 0.0059   0.4822 +- 0.0061
 294  8987    20633      487    0.4356 +- 0.0055   0.4491 +- 0.0058
 295  8302    18856      405    0.4403 +- 0.0058   0.4527 +- 0.0060
 296  8331    19687      431    0.4232 +- 0.0055   0.4354 +- 0.0058
 297  8147    19438      423    0.4191 +- 0.0055   0.4311 +- 0.0058
 298  8432    19391      452    0.4348 +- 0.0057   0.4482 +- 0.0059
 299  9117    20055      478    0.4546 +- 0.0057   0.4689 +- 0.0060
 300  8298    19785      451    0.4194 +- 0.0055   0.4320 +- 0.0057
 301  7880    20580      412    0.3829 +- 0.0051   0.3930 +- 0.0053
 302  7471    19852      407    0.3763 +- 0.0051   0.3865 +- 0.0053
 303  7709    19968      413    0.3861 +- 0.0052   0.3966 +- 0.0054
 304  7771    19715      441    0.3942 +- 0.0053   0.4058 +- 0.0055
 305  7304    20306      433    0.3597 +- 0.0049   0.3698 +- 0.0051
 306  7084    20795      435    0.3407 +- 0.0047   0.3500 +- 0.0049
 307  7879    21154      451    0.3725 +- 0.0049   0.3829 +- 0.0051
 308  1526    15986      697    0.0955 +- 0.0026   0.1011 +- 0.0027
 309  6101    21306      496    0.2864 +- 0.0042   0.2951 +- 0.0043
 310  6992    21445      471    0.3260 +- 0.0045   0.3355 +- 0.0047
 311  6697    19913      425    0.3363 +- 0.0048   0.3458 +- 0.0049
 312  6591    20805      443    0.3168 +- 0.0045   0.3257 +- 0.0047
 313  6206    21063      424    0.2946 +- 0.0043   0.3024 +- 0.0044
 314  6139    20046      417    0.3062 +- 0.0045   0.3146 +- 0.0046
 315  6406    20610      428    0.3108 +- 0.0044   0.3193 +- 0.0046
 316  5804    20741      426    0.2798 +- 0.0042   0.2874 +- 0.0043
 317  6021    22095      448    0.2725 +- 0.0040   0.2798 +- 0.0041
 318  6200    22196      455    0.2793 +- 0.0040   0.2869 +- 0.0042
 319  6030    21172      429    0.2848 +- 0.0042   0.2924 +- 0.0043
 320  6220    22711      422    0.2739 +- 0.0039   0.2805 +- 0.0040
 321  6208    23649      473    0.2625 +- 0.0037   0.2694 +- 0.0039
 322  6039    23739      510    0.2544 +- 0.0037   0.2616 +- 0.0038
 323  4349    18464      428    0.2355 +- 0.0040   0.2427 +- 0.0041
 324  3887    16039      405    0.2423 +- 0.0043   0.2504 +- 0.0045
 325  5513    22254      430    0.2477 +- 0.0037   0.2540 +- 0.0039
 326  5146    22098      427    0.2329 +- 0.0036   0.2388 +- 0.0037
 327  5780    24780      457    0.2333 +- 0.0034   0.2389 +- 0.0035
 328  5966    26589      551    0.2244 +- 0.0032   0.2305 +- 0.0033
 329  5647    25993      553    0.2173 +- 0.0032   0.2233 +- 0.0033
 330  5150    26532      500    0.1941 +- 0.0030   0.1989 +- 0.0030
 331  4760    26986      527    0.1764 +- 0.0028   0.1809 +- 0.0029
 332  4606    25752      502    0.1789 +- 0.0029   0.1834 +- 0.0030
 333  4834    25803      486    0.1873 +- 0.0029   0.1920 +- 0.0030
 334  6021    31094      592    0.1936 +- 0.0027   0.1985 +- 0.0028
 335  6234    30900      625    0.2017 +- 0.0028   0.2071 +- 0.0029
 336  6878    30351      581    0.2266 +- 0.0030   0.2323 +- 0.0031
 337     0        0        0    0.0000 +- 0.0000   0.0000 +- 0.0000
 338     0        0        0    0.0000 +- 0.0000   0.0000 +- 0.0000
 339     0        0        0    0.0000 +- 0.0000   0.0000 +- 0.0000
 340     0        0        0    0.0000 +- 0.0000   0.0000 +- 0.0000
 341     0        0        0    0.0000 +- 0.0000   0.0000 +- 0.0000
 342     0        0        0    0.0000 +- 0.0000   0.0000 +- 0.0000
 343     0        0        0    0.0000 +- 0.0000   0.0000 +- 0.0000
 344     0        0        0    0.0000 +- 0.0000   0.0000 +- 0.0000
 345     0        0        0    0.0000 +- 0.0000   0.0000 +- 0.0000
 346     0        0        0    0.0000 +- 0.0000   0.0000 +- 0.0000
 347     0        0        0    0.0000 +- 0.0000   0.0000 +- 0.0000
 348     0        0        0    0.0000 +- 0.0000   0.0000 +- 0.0000
 349     0        0        0    0.0000 +- 0.0000   0.0000 +- 0.0000
 350     0        0        0    0.0000 +- 0.0000   0.0000 +- 0.0000
 351     0        0        0    0.0000 +- 0.0000   0.0000 +- 0.0000

Mean tagging efficiency  0.3067 +-  0.0008
	                       0.2952 +-  0.0007 without background subtraction

