 Tagging efficiency calculation
 J.R.M.Annand 2008.10.02
Clock = 7.58102e+08   Inhib.Clock = 3.28535e+08   Live = 0.433365
Backgr.clock = 5.63181e+08    Backgr.Inhib.clock = 1.91921e+08  Live = 0.340781
Background scale factor =  1.71182

  Chan  Hits  Scaler Background     TaggEff        TaggEff(back-sub)
   0     0        0        0    0.0000 +- 0.0000   0.0000 +- 0.0000
   1    68      460        8    0.1478 +- 0.0192   0.1524 +- 0.0199
   2    84      271        7    0.3100 +- 0.0387   0.3243 +- 0.0413
   3    74      804        9    0.0920 +- 0.0112   0.0938 +- 0.0114
   4    42      913        9    0.0460 +- 0.0073   0.0468 +- 0.0074
   5    65      723       11    0.0899 +- 0.0116   0.0923 +- 0.0120
   6   123      862       13    0.1427 +- 0.0138   0.1465 +- 0.0142
   7   141     1212       20    0.1163 +- 0.0104   0.1197 +- 0.0107
   8   137     1311       14    0.1045 +- 0.0094   0.1064 +- 0.0096
   9   163     1172       13    0.1391 +- 0.0116   0.1418 +- 0.0119
  10   101     1208       14    0.0836 +- 0.0087   0.0853 +- 0.0089
  11   126      829        7    0.1520 +- 0.0145   0.1542 +- 0.0148
  12   157     1239       11    0.1267 +- 0.0107   0.1287 +- 0.0109
  13   131      454        8    0.2885 +- 0.0286   0.2975 +- 0.0299
  14   197      431        7    0.4571 +- 0.0393   0.4701 +- 0.0411
  15   197      434       10    0.4539 +- 0.0390   0.4726 +- 0.0416
  16   215      853        7    0.2521 +- 0.0192   0.2556 +- 0.0196
  17   195      917       12    0.2126 +- 0.0168   0.2175 +- 0.0173
  18   185      710       12    0.2606 +- 0.0215   0.2683 +- 0.0224
  19   191      825       16    0.2315 +- 0.0186   0.2395 +- 0.0195
  20   203     1256       17    0.1616 +- 0.0122   0.1655 +- 0.0126
  21   102     1211       12    0.0842 +- 0.0087   0.0857 +- 0.0089
  22   151     1233        8    0.1225 +- 0.0106   0.1238 +- 0.0107
  23   147      572        4    0.2570 +- 0.0238   0.2601 +- 0.0242
  24   173      845        8    0.2047 +- 0.0171   0.2081 +- 0.0175
  25   218     1445       11    0.1509 +- 0.0110   0.1529 +- 0.0111
  26   179      957       11    0.1870 +- 0.0152   0.1908 +- 0.0156
  27   203     1190       15    0.1706 +- 0.0130   0.1744 +- 0.0133
  28   215     1334       19    0.1612 +- 0.0118   0.1652 +- 0.0122
  29   158     1212        9    0.1304 +- 0.0110   0.1320 +- 0.0112
  30   191     1384       14    0.1380 +- 0.0107   0.1404 +- 0.0109
  31   133      770       13    0.1727 +- 0.0162   0.1779 +- 0.0168
  32   150     1270       11    0.1181 +- 0.0102   0.1199 +- 0.0104
  33   154     1383       14    0.1114 +- 0.0095   0.1133 +- 0.0097
  34   131      877       19    0.1494 +- 0.0140   0.1551 +- 0.0147
  35   176     1138       11    0.1547 +- 0.0125   0.1573 +- 0.0128
  36   163     1194        8    0.1365 +- 0.0114   0.1381 +- 0.0116
  37   162     1196        9    0.1355 +- 0.0113   0.1372 +- 0.0115
  38   205     1250        9    0.1640 +- 0.0124   0.1660 +- 0.0126
  39    23      178        7    0.1292 +- 0.0286   0.1385 +- 0.0312
  40    21      164       10    0.1280 +- 0.0297   0.1430 +- 0.0340
  41   205     1218       21    0.1683 +- 0.0127   0.1734 +- 0.0132
  42   170     1182       19    0.1438 +- 0.0118   0.1479 +- 0.0122
  43   177     1217       17    0.1454 +- 0.0117   0.1490 +- 0.0121
  44   156     1142       11    0.1366 +- 0.0117   0.1389 +- 0.0119
  45   198     1232       14    0.1607 +- 0.0123   0.1639 +- 0.0126
  46   187     1224       19    0.1528 +- 0.0120   0.1569 +- 0.0124
  47   205     1262       10    0.1624 +- 0.0122   0.1647 +- 0.0124
  48   155     1140       14    0.1360 +- 0.0116   0.1389 +- 0.0119
  49   200     1341       19    0.1491 +- 0.0113   0.1528 +- 0.0117
  50   174     1207       12    0.1442 +- 0.0117   0.1467 +- 0.0119
  51   206     1292       12    0.1594 +- 0.0120   0.1620 +- 0.0122
  52    70      532        6    0.1316 +- 0.0167   0.1342 +- 0.0171
  53    91      658       10    0.1383 +- 0.0155   0.1420 +- 0.0160
  54   187     1210       16    0.1545 +- 0.0121   0.1581 +- 0.0125
  55   224     1225       11    0.1829 +- 0.0133   0.1857 +- 0.0136
  56   197     1265       18    0.1557 +- 0.0119   0.1596 +- 0.0123
  57   213     1270       18    0.1677 +- 0.0124   0.1719 +- 0.0128
  58   205     1256       12    0.1632 +- 0.0123   0.1659 +- 0.0126
  59   181     1202        8    0.1506 +- 0.0120   0.1523 +- 0.0122
  60    94      650        4    0.1446 +- 0.0160   0.1462 +- 0.0162
  61    89      632        5    0.1408 +- 0.0159   0.1428 +- 0.0162
  62   208     1183        4    0.1758 +- 0.0132   0.1768 +- 0.0133
  63   181     1167       14    0.1551 +- 0.0124   0.1584 +- 0.0127
  64   186     1375       20    0.1353 +- 0.0106   0.1387 +- 0.0109
  65   239     1367       16    0.1748 +- 0.0123   0.1784 +- 0.0126
  66   209     1213       17    0.1723 +- 0.0129   0.1765 +- 0.0133
  67   198     1354       13    0.1462 +- 0.0111   0.1487 +- 0.0114
  68   206     1397       18    0.1475 +- 0.0110   0.1508 +- 0.0113
  69   216     1389       16    0.1555 +- 0.0114   0.1586 +- 0.0117
  70   114      812        9    0.1404 +- 0.0140   0.1431 +- 0.0144
  71   163      935       11    0.1743 +- 0.0148   0.1779 +- 0.0152
  72   229     1348        9    0.1699 +- 0.0121   0.1718 +- 0.0123
  73   211     1474       17    0.1431 +- 0.0105   0.1460 +- 0.0108
  74   238     1465       17    0.1625 +- 0.0114   0.1657 +- 0.0116
  75   195     1242       10    0.1570 +- 0.0121   0.1592 +- 0.0123
  76   229     1276       14    0.1795 +- 0.0129   0.1829 +- 0.0132
  77   261     1606       14    0.1625 +- 0.0108   0.1650 +- 0.0111
  78   308     1612       16    0.1911 +- 0.0119   0.1944 +- 0.0121
  79   303     1607       17    0.1886 +- 0.0118   0.1920 +- 0.0121
  80   298     1656       25    0.1800 +- 0.0113   0.1847 +- 0.0117
  81   274     1463       13    0.1873 +- 0.0123   0.1902 +- 0.0126
  82   255     1533       12    0.1663 +- 0.0112   0.1686 +- 0.0114
  83   320     1653       12    0.1936 +- 0.0118   0.1960 +- 0.0120
  84   325     1742       18    0.1866 +- 0.0113   0.1899 +- 0.0115
  85   299     1538        8    0.1944 +- 0.0123   0.1962 +- 0.0124
  86   317     1509       13    0.2101 +- 0.0130   0.2132 +- 0.0132
  87   282     1663       18    0.1696 +- 0.0109   0.1728 +- 0.0112
  88   343     1772       10    0.1936 +- 0.0114   0.1955 +- 0.0116
  89   302     1608       13    0.1878 +- 0.0118   0.1904 +- 0.0120
  90   330     1693       14    0.1949 +- 0.0117   0.1977 +- 0.0119
  91   349     1783       15    0.1957 +- 0.0115   0.1986 +- 0.0117
  92   331     1802       11    0.1837 +- 0.0110   0.1856 +- 0.0111
  93   331     1748       16    0.1894 +- 0.0114   0.1924 +- 0.0116
  94   310     1787       16    0.1735 +- 0.0107   0.1762 +- 0.0109
  95   301     1787       14    0.1684 +- 0.0105   0.1707 +- 0.0107
  96   324     1774       22    0.1826 +- 0.0110   0.1866 +- 0.0113
  97   214     1193       16    0.1794 +- 0.0133   0.1836 +- 0.0137
  98   315     1829       19    0.1722 +- 0.0105   0.1753 +- 0.0107
  99   356     1820       18    0.1956 +- 0.0113   0.1990 +- 0.0116
 100   296     1816       16    0.1630 +- 0.0102   0.1655 +- 0.0104
 101   313     1697       18    0.1844 +- 0.0113   0.1879 +- 0.0116
 102   308     1827       21    0.1686 +- 0.0104   0.1720 +- 0.0107
 103   316     1933       12    0.1635 +- 0.0099   0.1652 +- 0.0101
 104   263     1583       11    0.1661 +- 0.0111   0.1681 +- 0.0112
 105   283     1704       14    0.1661 +- 0.0107   0.1684 +- 0.0109
 106   252     1532        8    0.1645 +- 0.0112   0.1660 +- 0.0113
 107   366     1907       11    0.1919 +- 0.0110   0.1938 +- 0.0111
 108   341     1895       13    0.1799 +- 0.0106   0.1821 +- 0.0107
 109   318     1912       16    0.1663 +- 0.0101   0.1687 +- 0.0103
 110   315     1861       14    0.1693 +- 0.0103   0.1715 +- 0.0105
 111   350     1945       15    0.1799 +- 0.0104   0.1824 +- 0.0106
 112   330     1908       14    0.1730 +- 0.0103   0.1752 +- 0.0105
 113   303     2011       15    0.1507 +- 0.0093   0.1526 +- 0.0094
 114   333     1948       13    0.1709 +- 0.0101   0.1729 +- 0.0103
 115   275     1856       17    0.1482 +- 0.0096   0.1505 +- 0.0098
 116   321     1895        6    0.1694 +- 0.0102   0.1703 +- 0.0103
 117   284     1780       13    0.1596 +- 0.0102   0.1616 +- 0.0104
 118   262     1714        9    0.1529 +- 0.0101   0.1542 +- 0.0103
 119   239     1465       11    0.1631 +- 0.0114   0.1653 +- 0.0116
 120   237     1555       12    0.1524 +- 0.0106   0.1545 +- 0.0108
 121   335     2099       22    0.1596 +- 0.0094   0.1625 +- 0.0096
 122   308     2019       22    0.1526 +- 0.0093   0.1555 +- 0.0096
 123   347     1980       15    0.1753 +- 0.0102   0.1776 +- 0.0104
 124   310     1927        8    0.1609 +- 0.0098   0.1620 +- 0.0099
 125   319     1930        6    0.1653 +- 0.0100   0.1662 +- 0.0101
 126   300     2002       17    0.1499 +- 0.0093   0.1521 +- 0.0094
 127   270     1810       15    0.1492 +- 0.0097   0.1513 +- 0.0099
 128   341     1976       18    0.1726 +- 0.0101   0.1753 +- 0.0103
 129   353     2150       10    0.1642 +- 0.0094   0.1655 +- 0.0095
 130   287     1996        8    0.1438 +- 0.0091   0.1448 +- 0.0092
 131   282     2130       13    0.1324 +- 0.0084   0.1338 +- 0.0085
 132   292     2135       11    0.1368 +- 0.0085   0.1380 +- 0.0086
 133   306     2008       11    0.1524 +- 0.0094   0.1538 +- 0.0095
 134   313     2163        7    0.1447 +- 0.0088   0.1455 +- 0.0088
 135   340     2236       17    0.1521 +- 0.0089   0.1541 +- 0.0090
 136   347     2280       12    0.1522 +- 0.0088   0.1536 +- 0.0089
 137   303     2126       12    0.1425 +- 0.0088   0.1439 +- 0.0089
 138   345     2266       17    0.1523 +- 0.0088   0.1542 +- 0.0089
 139   331     2094       21    0.1581 +- 0.0093   0.1608 +- 0.0096
 140   210     1546        9    0.1358 +- 0.0100   0.1372 +- 0.0101
 141   209     1515       10    0.1380 +- 0.0102   0.1395 +- 0.0103
 142   276     2133       16    0.1294 +- 0.0083   0.1311 +- 0.0084
 143   321     2381       17    0.1348 +- 0.0080   0.1365 +- 0.0081
 144   349     2273       15    0.1535 +- 0.0088   0.1553 +- 0.0090
 145   304     2145       18    0.1417 +- 0.0087   0.1438 +- 0.0088
 146   320     2124       13    0.1507 +- 0.0090   0.1523 +- 0.0092
 147   346     2267       12    0.1526 +- 0.0088   0.1540 +- 0.0089
 148   330     2259       15    0.1461 +- 0.0086   0.1478 +- 0.0087
 149   345     2291       12    0.1506 +- 0.0087   0.1520 +- 0.0088
 150   309     2236       13    0.1382 +- 0.0084   0.1396 +- 0.0085
 151   361     2289       16    0.1577 +- 0.0089   0.1596 +- 0.0091
 152   312     2245       17    0.1390 +- 0.0084   0.1408 +- 0.0085
 153   256     2994       22    0.0855 +- 0.0056   0.0866 +- 0.0056
 154   309     2163       19    0.1429 +- 0.0087   0.1450 +- 0.0089
 155   335     2344        6    0.1429 +- 0.0083   0.1435 +- 0.0084
 156   330     2330       14    0.1416 +- 0.0083   0.1431 +- 0.0084
 157   333     2417       18    0.1378 +- 0.0081   0.1396 +- 0.0082
 158   330     2364       22    0.1396 +- 0.0082   0.1419 +- 0.0084
 159   344     2355       11    0.1461 +- 0.0084   0.1472 +- 0.0085
 160   317     2569       11    0.1234 +- 0.0073   0.1243 +- 0.0074
 161   231     2617       23    0.0883 +- 0.0061   0.0896 +- 0.0062
 162   389     3256       14    0.1195 +- 0.0064   0.1204 +- 0.0065
 163   297     1810       14    0.1641 +- 0.0103   0.1663 +- 0.0104
 164   390     2457       14    0.1587 +- 0.0087   0.1603 +- 0.0088
 165   354     2616        9    0.1353 +- 0.0077   0.1361 +- 0.0077
 166   209     1879       11    0.1112 +- 0.0081   0.1124 +- 0.0082
 167   259     1994       20    0.1299 +- 0.0086   0.1322 +- 0.0088
 168   354     2603       14    0.1360 +- 0.0077   0.1373 +- 0.0078
 169   331     2509       15    0.1319 +- 0.0077   0.1333 +- 0.0078
 170   352     2613       13    0.1347 +- 0.0076   0.1359 +- 0.0077
 171   363     2441        9    0.1487 +- 0.0084   0.1497 +- 0.0084
 172   396     2573       10    0.1539 +- 0.0083   0.1549 +- 0.0084
 173   261     2257       15    0.1156 +- 0.0076   0.1170 +- 0.0077
 174   297     2180       11    0.1362 +- 0.0084   0.1374 +- 0.0085
 175   343     2534        7    0.1354 +- 0.0078   0.1360 +- 0.0078
 176   316     2614       12    0.1209 +- 0.0072   0.1218 +- 0.0073
 177   394     2782       14    0.1416 +- 0.0076   0.1429 +- 0.0077
 178   389     2698       23    0.1442 +- 0.0078   0.1463 +- 0.0080
 179   355     2881       17    0.1232 +- 0.0069   0.1245 +- 0.0070
 180   415     2784       13    0.1491 +- 0.0078   0.1503 +- 0.0079
 181   366     2541       18    0.1440 +- 0.0081   0.1458 +- 0.0082
 182   374     3225       23    0.1160 +- 0.0063   0.1174 +- 0.0064
 183   339     2749       17    0.1233 +- 0.0071   0.1246 +- 0.0072
 184   404     2926       14    0.1381 +- 0.0073   0.1392 +- 0.0074
 185   360     2807       21    0.1283 +- 0.0072   0.1299 +- 0.0073
 186   388     2974       17    0.1305 +- 0.0070   0.1318 +- 0.0071
 187   440     3048       12    0.1444 +- 0.0074   0.1453 +- 0.0074
 188     0     2984       24    0.0000 +- 0.0000   0.0000 +- 0.0000
 189   409     2995       19    0.1366 +- 0.0072   0.1381 +- 0.0073
 190   434     3017       17    0.1439 +- 0.0074   0.1453 +- 0.0075
 191   415     2926       19    0.1418 +- 0.0074   0.1434 +- 0.0075
 192   433     2912       22    0.1487 +- 0.0077   0.1506 +- 0.0078
 193   399     2999        8    0.1330 +- 0.0071   0.1337 +- 0.0071
 194   430     3111       11    0.1382 +- 0.0071   0.1391 +- 0.0072
 195   419     3134       17    0.1337 +- 0.0070   0.1349 +- 0.0070
 196   453     3064       17    0.1478 +- 0.0074   0.1493 +- 0.0075
 197   415     2819        8    0.1472 +- 0.0077   0.1479 +- 0.0078
 198   397     2902       10    0.1368 +- 0.0073   0.1376 +- 0.0074
 199   231     1885       11    0.1225 +- 0.0085   0.1238 +- 0.0086
 200   403     2934       11    0.1374 +- 0.0073   0.1382 +- 0.0074
 201   419     2883       13    0.1453 +- 0.0076   0.1465 +- 0.0077
 202   253     3071       25    0.0824 +- 0.0054   0.0835 +- 0.0055
 203    91     4781     1404    0.0190 +- 0.0020   0.0383 +- 0.0043
 204   194     3155      224    0.0615 +- 0.0045   0.0700 +- 0.0053
 205   312     3446       24    0.0905 +- 0.0054   0.0916 +- 0.0054
 206   452     3605       27    0.1254 +- 0.0063   0.1270 +- 0.0064
 207   449     3493       22    0.1285 +- 0.0064   0.1299 +- 0.0065
 208   507     3580       24    0.1416 +- 0.0067   0.1433 +- 0.0068
 209   448     3448       21    0.1299 +- 0.0065   0.1313 +- 0.0066
 210   491     3797       24    0.1293 +- 0.0062   0.1307 +- 0.0063
 211   473     3557       18    0.1330 +- 0.0065   0.1341 +- 0.0066
 212   508     3721       17    0.1365 +- 0.0065   0.1376 +- 0.0065
 213   561     3824       29    0.1467 +- 0.0066   0.1486 +- 0.0067
 214   530     3430       16    0.1545 +- 0.0072   0.1558 +- 0.0073
 215   529     3700        7    0.1430 +- 0.0066   0.1434 +- 0.0067
 216   503     3532       15    0.1424 +- 0.0068   0.1435 +- 0.0068
 217   499     3283       15    0.1520 +- 0.0073   0.1532 +- 0.0074
 218   559     3864       14    0.1447 +- 0.0065   0.1456 +- 0.0066
 219   558     4026       11    0.1386 +- 0.0063   0.1393 +- 0.0063
 220   465     3416       10    0.1361 +- 0.0067   0.1368 +- 0.0068
 221   473     3675       10    0.1287 +- 0.0063   0.1293 +- 0.0063
 222   518     3926       19    0.1319 +- 0.0062   0.1330 +- 0.0062
 223   582     3996       14    0.1456 +- 0.0065   0.1465 +- 0.0065
 224   552     4102       20    0.1346 +- 0.0061   0.1357 +- 0.0062
 225   587     4439       15    0.1322 +- 0.0058   0.1330 +- 0.0058
 226   483     3638       14    0.1328 +- 0.0064   0.1336 +- 0.0065
 227   549     3743       18    0.1467 +- 0.0067   0.1479 +- 0.0068
 228   591     4268       19    0.1385 +- 0.0061   0.1395 +- 0.0061
 229   610     4453       14    0.1370 +- 0.0059   0.1377 +- 0.0060
 230   629     4326       15    0.1454 +- 0.0062   0.1463 +- 0.0063
 231   629     4296       17    0.1464 +- 0.0063   0.1474 +- 0.0063
 232   595     4452       24    0.1336 +- 0.0058   0.1349 +- 0.0059
 233   574     4294       18    0.1337 +- 0.0059   0.1346 +- 0.0060
 234   610     4310        6    0.1415 +- 0.0061   0.1419 +- 0.0061
 235   599     4475       13    0.1339 +- 0.0058   0.1345 +- 0.0059
 236   647     4933       16    0.1312 +- 0.0055   0.1319 +- 0.0055
 237   649     4869       12    0.1333 +- 0.0056   0.1339 +- 0.0056
 238   693     4796       22    0.1445 +- 0.0059   0.1456 +- 0.0059
 239   675     4147       12    0.1628 +- 0.0068   0.1636 +- 0.0068
 240   720     4566       10    0.1577 +- 0.0063   0.1583 +- 0.0064
 241   752     5014       25    0.1500 +- 0.0059   0.1513 +- 0.0059
 242   791     5224       12    0.1514 +- 0.0058   0.1520 +- 0.0058
 243   784     5169       10    0.1517 +- 0.0058   0.1522 +- 0.0058
 244   855     5225       18    0.1636 +- 0.0060   0.1646 +- 0.0061
 245   888     5329        9    0.1666 +- 0.0060   0.1671 +- 0.0061
 246   843     5565       13    0.1515 +- 0.0056   0.1521 +- 0.0056
 247   876     5543       11    0.1580 +- 0.0057   0.1586 +- 0.0058
 248   905     5677       11    0.1594 +- 0.0057   0.1599 +- 0.0057
 249   881     5607        8    0.1571 +- 0.0057   0.1575 +- 0.0057
 250   746     5135        9    0.1453 +- 0.0057   0.1457 +- 0.0057
 251   818     4868        2    0.1680 +- 0.0063   0.1682 +- 0.0064
 252   800     5121       18    0.1562 +- 0.0059   0.1572 +- 0.0060
 253   838     5528       12    0.1516 +- 0.0056   0.1522 +- 0.0056
 254   937     6232       14    0.1504 +- 0.0053   0.1509 +- 0.0053
 255   923     6323       15    0.1460 +- 0.0051   0.1466 +- 0.0052
 256   844     6126       17    0.1378 +- 0.0051   0.1384 +- 0.0051
 257   877     6375       21    0.1376 +- 0.0050   0.1383 +- 0.0050
 258   851     6588       20    0.1292 +- 0.0047   0.1298 +- 0.0047
 259  1004     6708       26    0.1497 +- 0.0051   0.1507 +- 0.0051
 260  1135     6970       11    0.1628 +- 0.0052   0.1633 +- 0.0052
 261   244     1859       10    0.1313 +- 0.0089   0.1325 +- 0.0090
 262  1158     6603       19    0.1754 +- 0.0056   0.1762 +- 0.0056
 263   984     5739       15    0.1715 +- 0.0059   0.1722 +- 0.0059
 264   341     2403        3    0.1419 +- 0.0082   0.1422 +- 0.0082
 265   236     1957        6    0.1206 +- 0.0083   0.1212 +- 0.0084
 266  1006     6063        9    0.1659 +- 0.0056   0.1663 +- 0.0057
 267   710     5522       13    0.1286 +- 0.0051   0.1291 +- 0.0052
 268   846     6661       90    0.1270 +- 0.0046   0.1300 +- 0.0048
 269   705     6287       93    0.1121 +- 0.0045   0.1150 +- 0.0046
 270   958     7725       20    0.1240 +- 0.0042   0.1246 +- 0.0043
 271   944     7229       37    0.1306 +- 0.0045   0.1317 +- 0.0046
 272  1027     7935       28    0.1294 +- 0.0043   0.1302 +- 0.0043
 273   982     6757       14    0.1453 +- 0.0050   0.1458 +- 0.0050
 274  1112     6751       16    0.1647 +- 0.0053   0.1654 +- 0.0054
 275  1022     7000       12    0.1460 +- 0.0049   0.1464 +- 0.0049
 276   941     6915       20    0.1361 +- 0.0047   0.1368 +- 0.0048
 277   997     7255       14    0.1374 +- 0.0046   0.1379 +- 0.0047
 278  1127     7408       22    0.1521 +- 0.0049   0.1529 +- 0.0049
 279  1085     7168       20    0.1514 +- 0.0049   0.1521 +- 0.0050
 280  1132     8030       13    0.1410 +- 0.0045   0.1414 +- 0.0045
 281   986     7123        8    0.1384 +- 0.0047   0.1387 +- 0.0047
 282   893     6148       13    0.1453 +- 0.0052   0.1458 +- 0.0052
 283   757     5810       19    0.1303 +- 0.0050   0.1310 +- 0.0051
 284   923     6428        9    0.1436 +- 0.0051   0.1439 +- 0.0051
 285  1249     8326       16    0.1500 +- 0.0046   0.1505 +- 0.0046
 286  1443     8910       21    0.1620 +- 0.0046   0.1626 +- 0.0046
 287  1528     8893       22    0.1718 +- 0.0048   0.1726 +- 0.0048
 288  2136    10581       25    0.2019 +- 0.0048   0.2027 +- 0.0048
 289  1349     6367       17    0.2119 +- 0.0064   0.2128 +- 0.0064
 290  3184    13741       26    0.2317 +- 0.0046   0.2325 +- 0.0046
 291  2295     9776       22    0.2348 +- 0.0054   0.2357 +- 0.0055
 292  3420    13146       22    0.2602 +- 0.0050   0.2609 +- 0.0050
 293  4128    17000       34    0.2428 +- 0.0042   0.2437 +- 0.0042
 294  4543    18463       43    0.2461 +- 0.0041   0.2470 +- 0.0041
 295  4299    17387       34    0.2473 +- 0.0042   0.2481 +- 0.0042
 296  4374    18267       45    0.2394 +- 0.0040   0.2405 +- 0.0041
 297  4310    18163       34    0.2373 +- 0.0040   0.2381 +- 0.0040
 298  4543    17912       24    0.2536 +- 0.0042   0.2542 +- 0.0042
 299  4982    19084       28    0.2611 +- 0.0042   0.2617 +- 0.0042
 300  4588    18950       25    0.2421 +- 0.0040   0.2427 +- 0.0040
 301  4125    19035       16    0.2167 +- 0.0037   0.2170 +- 0.0037
 302  3939    18544       14    0.2124 +- 0.0037   0.2127 +- 0.0037
 303  4135    18474       37    0.2238 +- 0.0039   0.2246 +- 0.0039
 304  4161    18357       22    0.2267 +- 0.0039   0.2271 +- 0.0039
 305  3823    18785       32    0.2035 +- 0.0036   0.2041 +- 0.0036
 306  3657    19326       35    0.1892 +- 0.0034   0.1898 +- 0.0034
 307  4212    19375       41    0.2174 +- 0.0037   0.2182 +- 0.0037
 308   823    14409      196    0.0571 +- 0.0020   0.0585 +- 0.0021
 309  3215    19909       26    0.1615 +- 0.0031   0.1618 +- 0.0031
 310  3553    19508       16    0.1821 +- 0.0033   0.1824 +- 0.0033
 311  3564    18343       22    0.1943 +- 0.0036   0.1947 +- 0.0036
 312  3491    19575       21    0.1783 +- 0.0033   0.1787 +- 0.0033
 313  3360    19548       22    0.1719 +- 0.0032   0.1722 +- 0.0032
 314  3257    18601       21    0.1751 +- 0.0033   0.1754 +- 0.0033
 315  3181    18765       19    0.1695 +- 0.0033   0.1698 +- 0.0033
 316  3014    18989       18    0.1587 +- 0.0031   0.1590 +- 0.0031
 317  2977    19655       21    0.1515 +- 0.0030   0.1517 +- 0.0030
 318  3089    20313       14    0.1521 +- 0.0029   0.1522 +- 0.0029
 319  2991    19413       14    0.1541 +- 0.0030   0.1543 +- 0.0030
 320  3131    20576       21    0.1522 +- 0.0029   0.1524 +- 0.0029
 321  3166    21319       27    0.1485 +- 0.0028   0.1488 +- 0.0028
 322  3177    21558       20    0.1474 +- 0.0028   0.1476 +- 0.0028
 323  1909    14904       18    0.1281 +- 0.0031   0.1284 +- 0.0031
 324  1695    13195       17    0.1285 +- 0.0033   0.1287 +- 0.0033
 325  2648    19834       13    0.1335 +- 0.0028   0.1337 +- 0.0028
 326  2623    19921       22    0.1317 +- 0.0027   0.1319 +- 0.0027
 327  2851    21809       23    0.1307 +- 0.0026   0.1310 +- 0.0026
 328  2797    23524       27    0.1189 +- 0.0024   0.1191 +- 0.0024
 329  2759    23407       36    0.1179 +- 0.0024   0.1182 +- 0.0024
 330  2472    23216       25    0.1065 +- 0.0023   0.1067 +- 0.0023
 331  2273    23360       22    0.0973 +- 0.0021   0.0975 +- 0.0021
 332  1873    20531       21    0.0912 +- 0.0022   0.0914 +- 0.0022
 333  2055    21167       21    0.0971 +- 0.0022   0.0973 +- 0.0022
 334  2944    27965       35    0.1053 +- 0.0020   0.1055 +- 0.0020
 335  2995    27501       23    0.1089 +- 0.0021   0.1091 +- 0.0021
 336  3308    27356       21    0.1209 +- 0.0022   0.1211 +- 0.0022
 337     0        0        0    0.0000 +- 0.0000   0.0000 +- 0.0000
 338     0        0        0    0.0000 +- 0.0000   0.0000 +- 0.0000
 339     0        0        0    0.0000 +- 0.0000   0.0000 +- 0.0000
 340     0        0        0    0.0000 +- 0.0000   0.0000 +- 0.0000
 341     0        0        0    0.0000 +- 0.0000   0.0000 +- 0.0000
 342     0        0        0    0.0000 +- 0.0000   0.0000 +- 0.0000
 343     0        0        0    0.0000 +- 0.0000   0.0000 +- 0.0000
 344     0        0        0    0.0000 +- 0.0000   0.0000 +- 0.0000
 345     0        0        0    0.0000 +- 0.0000   0.0000 +- 0.0000
 346     0        0        0    0.0000 +- 0.0000   0.0000 +- 0.0000
 347     0        0        0    0.0000 +- 0.0000   0.0000 +- 0.0000
 348     0        0        0    0.0000 +- 0.0000   0.0000 +- 0.0000
 349     0        0        0    0.0000 +- 0.0000   0.0000 +- 0.0000
 350     0        0        0    0.0000 +- 0.0000   0.0000 +- 0.0000
 351     0        0        0    0.0000 +- 0.0000   0.0000 +- 0.0000

Mean tagging efficiency  0.1574 +-  0.0006
	                       0.1555 +-  0.0005 without background subtraction

