 Tagging efficiency calculation
 J.R.M.Annand 2008.10.02
Clock = 7.35189e+08   Inhib.Clock = 3.26688e+08   Live = 0.444359
Backgr.clock = 5.63181e+08    Backgr.Inhib.clock = 1.91921e+08  Live = 0.340781
Background scale factor =   1.7022

  Chan  Hits  Scaler Background     TaggEff        TaggEff(back-sub)
   0     0        0        0    0.0000 +- 0.0000   0.0000 +- 0.0000
   1    85      514        8    0.1654 +- 0.0194   0.1699 +- 0.0200
   2    86      340        7    0.2529 +- 0.0305   0.2621 +- 0.0321
   3    75     1043        9    0.0719 +- 0.0086   0.0730 +- 0.0087
   4    46     1097        9    0.0419 +- 0.0063   0.0425 +- 0.0064
   5    67      815       11    0.0822 +- 0.0104   0.0841 +- 0.0107
   6   169     1036       13    0.1631 +- 0.0135   0.1667 +- 0.0139
   7   139     1427       20    0.0974 +- 0.0087   0.0998 +- 0.0089
   8   175     1496       14    0.1170 +- 0.0093   0.1189 +- 0.0095
   9   190     1476       13    0.1287 +- 0.0099   0.1307 +- 0.0101
  10   148     1545       14    0.0958 +- 0.0082   0.0973 +- 0.0084
  11   117     1002        7    0.1168 +- 0.0114   0.1182 +- 0.0116
  12   161     1546       11    0.1041 +- 0.0086   0.1054 +- 0.0087
  13   154      539        8    0.2857 +- 0.0261   0.2931 +- 0.0271
  14   245      530        7    0.4623 +- 0.0357   0.4729 +- 0.0370
  15   231      528       10    0.4375 +- 0.0345   0.4521 +- 0.0363
  16   240     1043        7    0.2301 +- 0.0165   0.2328 +- 0.0167
  17   241     1141       12    0.2112 +- 0.0150   0.2151 +- 0.0153
  18   273      793       12    0.3443 +- 0.0242   0.3534 +- 0.0251
  19   238     1058       16    0.2250 +- 0.0161   0.2309 +- 0.0167
  20   246     1463       17    0.1681 +- 0.0116   0.1715 +- 0.0119
  21   130     1409       12    0.0923 +- 0.0085   0.0936 +- 0.0086
  22   145     1463        8    0.0991 +- 0.0086   0.1000 +- 0.0087
  23   170      701        4    0.2425 +- 0.0207   0.2449 +- 0.0210
  24   216      965        8    0.2238 +- 0.0168   0.2270 +- 0.0172
  25   249     1775       11    0.1403 +- 0.0095   0.1418 +- 0.0096
  26   193     1146       11    0.1684 +- 0.0131   0.1712 +- 0.0134
  27   216     1359       15    0.1589 +- 0.0116   0.1620 +- 0.0119
  28   255     1520       19    0.1678 +- 0.0114   0.1714 +- 0.0117
  29   180     1274        9    0.1413 +- 0.0113   0.1430 +- 0.0114
  30   224     1609       14    0.1392 +- 0.0099   0.1413 +- 0.0101
  31   150      911       13    0.1647 +- 0.0145   0.1688 +- 0.0150
  32   173     1512       11    0.1144 +- 0.0092   0.1159 +- 0.0093
  33   160     1608       14    0.0995 +- 0.0082   0.1010 +- 0.0084
  34   148      996       19    0.1486 +- 0.0131   0.1536 +- 0.0136
  35   212     1329       11    0.1595 +- 0.0118   0.1618 +- 0.0120
  36   205     1431        8    0.1433 +- 0.0107   0.1446 +- 0.0108
  37   230     1466        9    0.1569 +- 0.0111   0.1585 +- 0.0113
  38   249     1524        9    0.1634 +- 0.0112   0.1650 +- 0.0113
  39    38      224        7    0.1696 +- 0.0298   0.1792 +- 0.0319
  40    17      185       10    0.0919 +- 0.0233   0.1012 +- 0.0261
  41   244     1465       21    0.1666 +- 0.0115   0.1707 +- 0.0119
  42   195     1434       19    0.1360 +- 0.0104   0.1391 +- 0.0107
  43   213     1567       17    0.1359 +- 0.0099   0.1385 +- 0.0102
  44   210     1422       11    0.1477 +- 0.0109   0.1496 +- 0.0111
  45   232     1543       14    0.1504 +- 0.0106   0.1527 +- 0.0108
  46   226     1503       19    0.1504 +- 0.0107   0.1537 +- 0.0110
  47   228     1583       10    0.1440 +- 0.0102   0.1456 +- 0.0103
  48   204     1422       14    0.1435 +- 0.0107   0.1459 +- 0.0110
  49   247     1659       19    0.1489 +- 0.0102   0.1518 +- 0.0104
  50   174     1414       12    0.1231 +- 0.0099   0.1249 +- 0.0101
  51   256     1526       12    0.1678 +- 0.0113   0.1700 +- 0.0115
  52    92      649        6    0.1418 +- 0.0158   0.1440 +- 0.0161
  53   114      779       10    0.1463 +- 0.0147   0.1496 +- 0.0151
  54   254     1532       16    0.1658 +- 0.0112   0.1688 +- 0.0115
  55   245     1491       11    0.1643 +- 0.0113   0.1664 +- 0.0115
  56   242     1538       18    0.1573 +- 0.0109   0.1605 +- 0.0112
  57   244     1543       18    0.1581 +- 0.0109   0.1613 +- 0.0112
  58   225     1399       12    0.1608 +- 0.0116   0.1632 +- 0.0118
  59   270     1553        8    0.1739 +- 0.0115   0.1754 +- 0.0116
  60   131      804        4    0.1629 +- 0.0154   0.1643 +- 0.0155
  61   132      782        5    0.1688 +- 0.0159   0.1707 +- 0.0161
  62   246     1587        4    0.1550 +- 0.0106   0.1557 +- 0.0107
  63   220     1575       14    0.1397 +- 0.0101   0.1418 +- 0.0102
  64   240     1707       20    0.1406 +- 0.0097   0.1435 +- 0.0099
  65   252     1698       16    0.1484 +- 0.0100   0.1508 +- 0.0102
  66   262     1652       17    0.1586 +- 0.0105   0.1614 +- 0.0108
  67   230     1619       13    0.1421 +- 0.0100   0.1440 +- 0.0102
  68   260     1745       18    0.1490 +- 0.0099   0.1517 +- 0.0101
  69   233     1667       16    0.1398 +- 0.0098   0.1421 +- 0.0100
  70   144     1032        9    0.1395 +- 0.0124   0.1416 +- 0.0126
  71   165     1182       11    0.1396 +- 0.0116   0.1418 +- 0.0118
  72   279     1656        9    0.1685 +- 0.0109   0.1701 +- 0.0110
  73   248     1810       17    0.1370 +- 0.0093   0.1392 +- 0.0095
  74   263     1692       17    0.1554 +- 0.0103   0.1581 +- 0.0105
  75   199     1383       10    0.1439 +- 0.0109   0.1457 +- 0.0111
  76   245     1434       14    0.1709 +- 0.0118   0.1737 +- 0.0121
  77   275     1755       14    0.1567 +- 0.0102   0.1589 +- 0.0103
  78   267     1820       16    0.1467 +- 0.0096   0.1489 +- 0.0098
  79   273     1804       17    0.1513 +- 0.0098   0.1538 +- 0.0100
  80   272     1888       25    0.1441 +- 0.0093   0.1474 +- 0.0096
  81   244     1730       13    0.1410 +- 0.0096   0.1429 +- 0.0098
  82   255     1686       12    0.1512 +- 0.0102   0.1531 +- 0.0103
  83   247     1737       12    0.1422 +- 0.0097   0.1439 +- 0.0098
  84   286     1931       18    0.1481 +- 0.0094   0.1505 +- 0.0096
  85   262     1688        8    0.1552 +- 0.0103   0.1565 +- 0.0104
  86   282     1677       13    0.1682 +- 0.0108   0.1704 +- 0.0110
  87   302     1826       18    0.1654 +- 0.0103   0.1682 +- 0.0105
  88   283     1892       10    0.1496 +- 0.0095   0.1509 +- 0.0096
  89   265     1758       13    0.1507 +- 0.0099   0.1527 +- 0.0101
  90   266     1835       14    0.1450 +- 0.0095   0.1469 +- 0.0097
  91   292     1872       15    0.1560 +- 0.0098   0.1581 +- 0.0100
  92   269     1924       11    0.1398 +- 0.0091   0.1412 +- 0.0092
  93   293     1939       16    0.1511 +- 0.0095   0.1533 +- 0.0096
  94   285     2030       16    0.1404 +- 0.0089   0.1423 +- 0.0090
  95   321     2008       14    0.1599 +- 0.0096   0.1618 +- 0.0098
  96   274     1885       22    0.1454 +- 0.0094   0.1483 +- 0.0096
  97   202     1324       16    0.1526 +- 0.0115   0.1558 +- 0.0118
  98   289     2080       19    0.1389 +- 0.0087   0.1411 +- 0.0089
  99   321     2160       18    0.1486 +- 0.0089   0.1507 +- 0.0090
 100   309     2069       16    0.1493 +- 0.0091   0.1513 +- 0.0093
 101   263     1856       18    0.1417 +- 0.0093   0.1441 +- 0.0095
 102   294     2117       21    0.1389 +- 0.0086   0.1413 +- 0.0088
 103   294     2113       12    0.1391 +- 0.0087   0.1405 +- 0.0088
 104   251     1791       11    0.1401 +- 0.0094   0.1416 +- 0.0096
 105   282     2000       14    0.1410 +- 0.0090   0.1427 +- 0.0091
 106   264     1741        8    0.1516 +- 0.0100   0.1528 +- 0.0101
 107   356     2143       11    0.1661 +- 0.0095   0.1676 +- 0.0096
 108   327     2169       13    0.1508 +- 0.0089   0.1523 +- 0.0091
 109   311     2234       16    0.1392 +- 0.0084   0.1409 +- 0.0086
 110   321     2217       14    0.1448 +- 0.0086   0.1464 +- 0.0088
 111   335     2276       15    0.1472 +- 0.0086   0.1489 +- 0.0087
 112   325     2236       14    0.1453 +- 0.0086   0.1469 +- 0.0087
 113   331     2277       15    0.1454 +- 0.0086   0.1470 +- 0.0087
 114   318     2133       13    0.1491 +- 0.0090   0.1506 +- 0.0091
 115   294     2192       17    0.1341 +- 0.0083   0.1359 +- 0.0085
 116   284     2214        6    0.1283 +- 0.0081   0.1289 +- 0.0081
 117   317     2131       13    0.1488 +- 0.0090   0.1503 +- 0.0091
 118   284     1950        9    0.1456 +- 0.0093   0.1468 +- 0.0093
 119   251     1738       11    0.1444 +- 0.0098   0.1460 +- 0.0099
 120   267     1833       12    0.1457 +- 0.0095   0.1473 +- 0.0097
 121   354     2467       22    0.1435 +- 0.0082   0.1457 +- 0.0083
 122   355     2392       22    0.1484 +- 0.0084   0.1508 +- 0.0086
 123   310     2285       15    0.1357 +- 0.0082   0.1372 +- 0.0083
 124   352     2365        8    0.1488 +- 0.0085   0.1497 +- 0.0086
 125   353     2284        6    0.1546 +- 0.0088   0.1552 +- 0.0089
 126   356     2434       17    0.1463 +- 0.0083   0.1480 +- 0.0084
 127   296     2171       15    0.1363 +- 0.0084   0.1380 +- 0.0086
 128   354     2324       18    0.1523 +- 0.0087   0.1544 +- 0.0088
 129   350     2422       10    0.1445 +- 0.0083   0.1455 +- 0.0083
 130   357     2420        8    0.1475 +- 0.0084   0.1484 +- 0.0084
 131   328     2458       13    0.1334 +- 0.0078   0.1347 +- 0.0079
 132   298     2472       11    0.1206 +- 0.0074   0.1215 +- 0.0075
 133   354     2503       11    0.1414 +- 0.0080   0.1425 +- 0.0081
 134   364     2635        7    0.1381 +- 0.0077   0.1388 +- 0.0078
 135   351     2572       17    0.1365 +- 0.0078   0.1380 +- 0.0079
 136   366     2618       12    0.1398 +- 0.0078   0.1409 +- 0.0079
 137   334     2515       12    0.1328 +- 0.0077   0.1339 +- 0.0078
 138   404     2648       17    0.1526 +- 0.0081   0.1543 +- 0.0083
 139   402     2536       21    0.1585 +- 0.0085   0.1608 +- 0.0087
 140   276     1906        9    0.1448 +- 0.0093   0.1460 +- 0.0094
 141   269     1800       10    0.1494 +- 0.0098   0.1509 +- 0.0099
 142   402     2644       16    0.1520 +- 0.0081   0.1536 +- 0.0082
 143   340     2821       17    0.1205 +- 0.0069   0.1218 +- 0.0070
 144   382     2719       15    0.1405 +- 0.0077   0.1418 +- 0.0078
 145   367     2620       18    0.1401 +- 0.0078   0.1417 +- 0.0079
 146   381     2691       13    0.1416 +- 0.0078   0.1428 +- 0.0078
 147   390     2669       12    0.1461 +- 0.0079   0.1472 +- 0.0080
 148   407     2852       15    0.1427 +- 0.0076   0.1440 +- 0.0076
 149   407     2858       12    0.1424 +- 0.0075   0.1434 +- 0.0076
 150   439     2899       13    0.1514 +- 0.0078   0.1526 +- 0.0078
 151   400     2784       16    0.1437 +- 0.0077   0.1451 +- 0.0078
 152   398     2779       17    0.1432 +- 0.0077   0.1447 +- 0.0078
 153   403     3934       22    0.1024 +- 0.0054   0.1034 +- 0.0054
 154   391     2772       19    0.1411 +- 0.0076   0.1427 +- 0.0077
 155   416     2883        6    0.1443 +- 0.0076   0.1448 +- 0.0076
 156   426     2950       14    0.1444 +- 0.0075   0.1456 +- 0.0076
 157   408     2933       18    0.1391 +- 0.0074   0.1406 +- 0.0074
 158   429     2914       22    0.1472 +- 0.0076   0.1491 +- 0.0077
 159   403     2889       11    0.1395 +- 0.0074   0.1404 +- 0.0075
 160   448     3079       11    0.1455 +- 0.0074   0.1464 +- 0.0074
 161   299     3316       23    0.0902 +- 0.0054   0.0912 +- 0.0055
 162   487     3977       14    0.1225 +- 0.0059   0.1232 +- 0.0059
 163   363     2370       14    0.1532 +- 0.0086   0.1547 +- 0.0087
 164   427     3105       14    0.1375 +- 0.0071   0.1386 +- 0.0072
 165   458     3221        9    0.1422 +- 0.0071   0.1429 +- 0.0071
 166   325     2435       11    0.1335 +- 0.0079   0.1345 +- 0.0080
 167   350     2416       20    0.1449 +- 0.0083   0.1469 +- 0.0084
 168   506     3245       14    0.1559 +- 0.0075   0.1571 +- 0.0075
 169   453     3041       15    0.1490 +- 0.0075   0.1502 +- 0.0076
 170   469     3205       13    0.1463 +- 0.0072   0.1474 +- 0.0073
 171   447     3118        9    0.1434 +- 0.0073   0.1441 +- 0.0073
 172   447     3081       10    0.1451 +- 0.0073   0.1459 +- 0.0074
 173   384     2692       15    0.1426 +- 0.0078   0.1440 +- 0.0079
 174   365     2714       11    0.1345 +- 0.0075   0.1354 +- 0.0076
 175   454     3152        7    0.1440 +- 0.0072   0.1446 +- 0.0073
 176   437     3452       12    0.1266 +- 0.0064   0.1273 +- 0.0065
 177   452     3321       14    0.1361 +- 0.0068   0.1371 +- 0.0069
 178   478     3398       23    0.1407 +- 0.0069   0.1423 +- 0.0070
 179   487     3429       17    0.1420 +- 0.0069   0.1432 +- 0.0069
 180   556     3464       13    0.1605 +- 0.0073   0.1615 +- 0.0074
 181   497     3207       18    0.1550 +- 0.0075   0.1565 +- 0.0076
 182   422     3767       23    0.1120 +- 0.0058   0.1132 +- 0.0058
 183   422     3368       17    0.1253 +- 0.0065   0.1264 +- 0.0065
 184   507     3655       14    0.1387 +- 0.0066   0.1396 +- 0.0066
 185   509     3758       21    0.1354 +- 0.0064   0.1367 +- 0.0065
 186   530     3869       17    0.1370 +- 0.0063   0.1380 +- 0.0064
 187   570     3728       12    0.1529 +- 0.0069   0.1537 +- 0.0069
 188     0     3914       24    0.0000 +- 0.0000   0.0000 +- 0.0000
 189   536     3705       19    0.1447 +- 0.0067   0.1459 +- 0.0068
 190   513     3840       17    0.1336 +- 0.0063   0.1346 +- 0.0063
 191   525     3636       19    0.1444 +- 0.0067   0.1457 +- 0.0068
 192   542     3718       22    0.1458 +- 0.0067   0.1473 +- 0.0068
 193   519     3893        8    0.1333 +- 0.0062   0.1338 +- 0.0063
 194   505     3851       11    0.1311 +- 0.0062   0.1318 +- 0.0062
 195   501     3884       17    0.1290 +- 0.0061   0.1300 +- 0.0062
 196   607     3963       17    0.1532 +- 0.0067   0.1543 +- 0.0067
 197   478     3585        8    0.1333 +- 0.0065   0.1338 +- 0.0065
 198   505     3628       10    0.1392 +- 0.0066   0.1399 +- 0.0066
 199   310     2501       11    0.1240 +- 0.0075   0.1249 +- 0.0075
 200   513     3742       11    0.1371 +- 0.0065   0.1378 +- 0.0065
 201   500     3475       13    0.1439 +- 0.0069   0.1448 +- 0.0069
 202   364     3946       25    0.0922 +- 0.0051   0.0933 +- 0.0051
 203   152     5420     1404    0.0280 +- 0.0023   0.0502 +- 0.0044
 204   243     3989      224    0.0609 +- 0.0040   0.0674 +- 0.0045
 205   408     4211       24    0.0969 +- 0.0050   0.0978 +- 0.0051
 206   573     4378       27    0.1309 +- 0.0058   0.1323 +- 0.0059
 207   600     4445       22    0.1350 +- 0.0059   0.1361 +- 0.0059
 208   587     4557       24    0.1288 +- 0.0056   0.1300 +- 0.0057
 209   538     4283       21    0.1256 +- 0.0057   0.1267 +- 0.0058
 210   599     4825       24    0.1241 +- 0.0054   0.1252 +- 0.0054
 211   552     4356       18    0.1267 +- 0.0057   0.1276 +- 0.0058
 212   597     4673       17    0.1278 +- 0.0056   0.1286 +- 0.0056
 213   643     4576       29    0.1405 +- 0.0059   0.1420 +- 0.0060
 214   598     4315       16    0.1386 +- 0.0060   0.1395 +- 0.0061
 215   655     4612        7    0.1420 +- 0.0059   0.1424 +- 0.0059
 216   667     4541       15    0.1469 +- 0.0061   0.1477 +- 0.0061
 217   609     4062       15    0.1499 +- 0.0065   0.1509 +- 0.0066
 218   662     4769       14    0.1388 +- 0.0058   0.1395 +- 0.0058
 219   610     5031       11    0.1212 +- 0.0052   0.1217 +- 0.0052
 220   572     4491       10    0.1274 +- 0.0057   0.1279 +- 0.0057
 221   624     4634       10    0.1347 +- 0.0057   0.1352 +- 0.0058
 222   667     5023       19    0.1328 +- 0.0055   0.1336 +- 0.0055
 223   688     5256       14    0.1309 +- 0.0053   0.1315 +- 0.0053
 224   638     5125       20    0.1245 +- 0.0052   0.1253 +- 0.0053
 225   726     5562       15    0.1305 +- 0.0052   0.1311 +- 0.0052
 226   642     4672       14    0.1374 +- 0.0058   0.1381 +- 0.0058
 227   616     4601       18    0.1339 +- 0.0057   0.1348 +- 0.0058
 228   695     5268       19    0.1319 +- 0.0053   0.1327 +- 0.0054
 229   766     5450       14    0.1406 +- 0.0054   0.1412 +- 0.0055
 230   731     5279       15    0.1385 +- 0.0055   0.1391 +- 0.0055
 231   772     5530       17    0.1396 +- 0.0054   0.1403 +- 0.0054
 232   758     5522       24    0.1373 +- 0.0053   0.1383 +- 0.0054
 233   684     5176       18    0.1321 +- 0.0054   0.1329 +- 0.0054
 234   652     5300        6    0.1230 +- 0.0051   0.1233 +- 0.0051
 235   651     5334       13    0.1220 +- 0.0051   0.1226 +- 0.0051
 236   727     5942       16    0.1223 +- 0.0048   0.1229 +- 0.0048
 237   700     5847       12    0.1197 +- 0.0048   0.1201 +- 0.0048
 238   723     5593       22    0.1293 +- 0.0051   0.1301 +- 0.0052
 239   736     5080       12    0.1449 +- 0.0057   0.1455 +- 0.0057
 240   763     5558       10    0.1373 +- 0.0053   0.1377 +- 0.0053
 241   732     5839       25    0.1254 +- 0.0049   0.1263 +- 0.0050
 242   769     6204       12    0.1240 +- 0.0047   0.1244 +- 0.0048
 243   817     6068       10    0.1346 +- 0.0050   0.1350 +- 0.0050
 244   783     6032       18    0.1298 +- 0.0049   0.1305 +- 0.0050
 245   826     6155        9    0.1342 +- 0.0050   0.1345 +- 0.0050
 246   807     6245       13    0.1292 +- 0.0048   0.1297 +- 0.0049
 247   756     6159       11    0.1227 +- 0.0047   0.1231 +- 0.0047
 248   849     6334       11    0.1340 +- 0.0049   0.1344 +- 0.0049
 249   826     6371        8    0.1296 +- 0.0048   0.1299 +- 0.0048
 250   727     5886        9    0.1235 +- 0.0049   0.1238 +- 0.0049
 251   735     5546        2    0.1325 +- 0.0052   0.1326 +- 0.0052
 252   775     5807       18    0.1335 +- 0.0051   0.1342 +- 0.0051
 253   787     6335       12    0.1242 +- 0.0047   0.1246 +- 0.0047
 254   954     7249       14    0.1316 +- 0.0045   0.1320 +- 0.0046
 255   905     7466       15    0.1212 +- 0.0043   0.1216 +- 0.0043
 256   857     7116       17    0.1204 +- 0.0044   0.1209 +- 0.0044
 257   821     7457       21    0.1101 +- 0.0040   0.1106 +- 0.0041
 258   852     7774       20    0.1096 +- 0.0040   0.1101 +- 0.0040
 259   959     7908       26    0.1213 +- 0.0041   0.1220 +- 0.0042
 260  1062     7977       11    0.1331 +- 0.0043   0.1334 +- 0.0044
 261   284     2325       10    0.1222 +- 0.0077   0.1231 +- 0.0077
 262  1142     7825       19    0.1459 +- 0.0046   0.1465 +- 0.0046
 263   939     6922       15    0.1357 +- 0.0047   0.1362 +- 0.0047
 264   375     2823        3    0.1328 +- 0.0073   0.1331 +- 0.0073
 265   281     2283        6    0.1231 +- 0.0078   0.1236 +- 0.0078
 266  1109     7192        9    0.1542 +- 0.0050   0.1545 +- 0.0050
 267   767     6529       13    0.1175 +- 0.0045   0.1179 +- 0.0045
 268   844     7896       90    0.1069 +- 0.0039   0.1090 +- 0.0040
 269   796     7700       93    0.1034 +- 0.0038   0.1055 +- 0.0039
 270   987     9135       20    0.1080 +- 0.0036   0.1085 +- 0.0036
 271   953     8840       37    0.1078 +- 0.0037   0.1086 +- 0.0037
 272  1072     9542       28    0.1123 +- 0.0036   0.1129 +- 0.0036
 273  1070     8264       14    0.1295 +- 0.0042   0.1299 +- 0.0042
 274  1230     8320       16    0.1478 +- 0.0045   0.1483 +- 0.0045
 275  1121     8651       12    0.1296 +- 0.0041   0.1299 +- 0.0041
 276  1103     8551       20    0.1290 +- 0.0041   0.1295 +- 0.0041
 277  1144     9151       14    0.1250 +- 0.0039   0.1253 +- 0.0039
 278  1140     8754       22    0.1302 +- 0.0041   0.1308 +- 0.0041
 279  1183     8703       20    0.1359 +- 0.0042   0.1365 +- 0.0042
 280  1279     9794       13    0.1306 +- 0.0039   0.1309 +- 0.0039
 281  1052     8792        8    0.1197 +- 0.0039   0.1198 +- 0.0039
 282   942     7331       13    0.1285 +- 0.0044   0.1289 +- 0.0045
 283   839     6773       19    0.1239 +- 0.0045   0.1245 +- 0.0046
 284   903     7509        9    0.1203 +- 0.0042   0.1205 +- 0.0042
 285  1184     9732       16    0.1217 +- 0.0037   0.1220 +- 0.0038
 286  1234     9886       21    0.1248 +- 0.0038   0.1253 +- 0.0038
 287  1244     9694       22    0.1283 +- 0.0039   0.1288 +- 0.0039
 288  1464    10421       25    0.1405 +- 0.0039   0.1411 +- 0.0039
 289   801     5896       17    0.1359 +- 0.0051   0.1365 +- 0.0051
 290  1586    11712       26    0.1354 +- 0.0036   0.1359 +- 0.0036
 291   977     7568       22    0.1291 +- 0.0044   0.1297 +- 0.0044
 292  1230     9338       22    0.1317 +- 0.0040   0.1323 +- 0.0040
 293  1479    11929       34    0.1240 +- 0.0034   0.1246 +- 0.0034
 294  1461    12380       43    0.1180 +- 0.0033   0.1187 +- 0.0033
 295  1441    11471       34    0.1256 +- 0.0035   0.1263 +- 0.0035
 296  1416    12393       45    0.1143 +- 0.0032   0.1150 +- 0.0032
 297  1372    12043       34    0.1139 +- 0.0032   0.1145 +- 0.0033
 298  1542    11924       24    0.1293 +- 0.0035   0.1298 +- 0.0035
 299  1755    12958       28    0.1354 +- 0.0034   0.1359 +- 0.0035
 300  1628    13092       25    0.1244 +- 0.0033   0.1248 +- 0.0033
 301  1556    13723       16    0.1134 +- 0.0030   0.1136 +- 0.0030
 302  1564    13514       14    0.1157 +- 0.0031   0.1159 +- 0.0031
 303  1638    13634       37    0.1201 +- 0.0031   0.1207 +- 0.0032
 304  1763    13841       22    0.1274 +- 0.0032   0.1277 +- 0.0032
 305  1708    14464       32    0.1181 +- 0.0030   0.1185 +- 0.0030
 306  1631    15128       35    0.1078 +- 0.0028   0.1082 +- 0.0028
 307  2081    15292       41    0.1361 +- 0.0032   0.1367 +- 0.0032
 308   453    12656      196    0.0358 +- 0.0017   0.0368 +- 0.0018
 309  1565    16145       26    0.0969 +- 0.0026   0.0972 +- 0.0026
 310  1935    16275       16    0.1189 +- 0.0029   0.1191 +- 0.0029
 311  1947    15694       22    0.1241 +- 0.0030   0.1244 +- 0.0030
 312  1933    16255       21    0.1189 +- 0.0029   0.1192 +- 0.0029
 313  1903    16512       22    0.1152 +- 0.0028   0.1155 +- 0.0028
 314  1963    16095       21    0.1220 +- 0.0029   0.1222 +- 0.0029
 315  1988    16612       19    0.1197 +- 0.0028   0.1199 +- 0.0028
 316  1967    16773       18    0.1173 +- 0.0028   0.1175 +- 0.0028
 317  2059    17867       21    0.1152 +- 0.0027   0.1155 +- 0.0027
 318  2111    18228       14    0.1158 +- 0.0027   0.1160 +- 0.0027
 319  2219    17695       14    0.1254 +- 0.0028   0.1256 +- 0.0028
 320  2356    18802       21    0.1253 +- 0.0027   0.1255 +- 0.0027
 321  2450    19787       27    0.1238 +- 0.0027   0.1241 +- 0.0027
 322  2411    20008       20    0.1205 +- 0.0026   0.1207 +- 0.0026
 323  1608    13942       18    0.1153 +- 0.0030   0.1156 +- 0.0030
 324  1539    12726       17    0.1209 +- 0.0033   0.1212 +- 0.0033
 325  2390    19293       13    0.1239 +- 0.0027   0.1240 +- 0.0027
 326  2341    19361       22    0.1209 +- 0.0026   0.1211 +- 0.0027
 327  2606    21109       23    0.1235 +- 0.0026   0.1237 +- 0.0026
 328  2682    22672       27    0.1183 +- 0.0024   0.1185 +- 0.0024
 329  2733    23106       36    0.1183 +- 0.0024   0.1186 +- 0.0024
 330  2555    23446       25    0.1090 +- 0.0023   0.1092 +- 0.0023
 331  2465    23708       22    0.1040 +- 0.0022   0.1041 +- 0.0022
 332  2125    21132       21    0.1006 +- 0.0023   0.1007 +- 0.0023
 333  2269    21427       21    0.1059 +- 0.0023   0.1061 +- 0.0023
 334  3320    28308       35    0.1173 +- 0.0022   0.1175 +- 0.0022
 335  3368    28187       23    0.1195 +- 0.0022   0.1197 +- 0.0022
 336  3969    28420       21    0.1397 +- 0.0024   0.1398 +- 0.0024
 337     0        0        0    0.0000 +- 0.0000   0.0000 +- 0.0000
 338     0        0        0    0.0000 +- 0.0000   0.0000 +- 0.0000
 339     0        0        0    0.0000 +- 0.0000   0.0000 +- 0.0000
 340     0        0        0    0.0000 +- 0.0000   0.0000 +- 0.0000
 341     0        0        0    0.0000 +- 0.0000   0.0000 +- 0.0000
 342     0        0        0    0.0000 +- 0.0000   0.0000 +- 0.0000
 343     0        0        0    0.0000 +- 0.0000   0.0000 +- 0.0000
 344     0        0        0    0.0000 +- 0.0000   0.0000 +- 0.0000
 345     0        0        0    0.0000 +- 0.0000   0.0000 +- 0.0000
 346     0        0        0    0.0000 +- 0.0000   0.0000 +- 0.0000
 347     0        0        0    0.0000 +- 0.0000   0.0000 +- 0.0000
 348     0        0        0    0.0000 +- 0.0000   0.0000 +- 0.0000
 349     0        0        0    0.0000 +- 0.0000   0.0000 +- 0.0000
 350     0        0        0    0.0000 +- 0.0000   0.0000 +- 0.0000
 351     0        0        0    0.0000 +- 0.0000   0.0000 +- 0.0000

Mean tagging efficiency  0.1406 +-  0.0005
	                       0.1391 +-  0.0005 without background subtraction

