 Tagging efficiency calculation
 J.R.M.Annand 2008.10.02
Clock = 7.65413e+08   Inhib.Clock = 3.30859e+08   Live = 0.432262
Backgr.clock = 5.63181e+08    Backgr.Inhib.clock = 1.91921e+08  Live = 0.340781
Background scale factor =  1.72393

  Chan  Hits  Scaler Background     TaggEff        TaggEff(back-sub)
   0     0        0        0    0.0000 +- 0.0000   0.0000 +- 0.0000
   1    86      478        8    0.1799 +- 0.0211   0.1853 +- 0.0219
   2    82      298        7    0.2752 +- 0.0343   0.2868 +- 0.0364
   3    63      885        9    0.0712 +- 0.0093   0.0725 +- 0.0095
   4    46      951        9    0.0484 +- 0.0073   0.0492 +- 0.0074
   5    72      718       11    0.1003 +- 0.0124   0.1030 +- 0.0128
   6   169      883       13    0.1914 +- 0.0161   0.1964 +- 0.0166
   7   143     1154       20    0.1239 +- 0.0110   0.1277 +- 0.0114
   8   137     1331       14    0.1029 +- 0.0092   0.1048 +- 0.0094
   9   159     1249       13    0.1273 +- 0.0107   0.1296 +- 0.0110
  10   114     1223       14    0.0932 +- 0.0091   0.0951 +- 0.0093
  11   121      837        7    0.1446 +- 0.0141   0.1467 +- 0.0143
  12   134     1351       11    0.0992 +- 0.0090   0.1006 +- 0.0091
  13   121      547        8    0.2212 +- 0.0222   0.2269 +- 0.0230
  14   175      448        7    0.3906 +- 0.0348   0.4014 +- 0.0363
  15   197      472       10    0.4174 +- 0.0354   0.4332 +- 0.0375
  16   194      868        7    0.2235 +- 0.0177   0.2267 +- 0.0181
  17   188      971       12    0.1936 +- 0.0154   0.1978 +- 0.0159
  18   212      768       12    0.2760 +- 0.0214   0.2837 +- 0.0223
  19   189      819       16    0.2308 +- 0.0186   0.2388 +- 0.0195
  20   186     1299       17    0.1432 +- 0.0112   0.1465 +- 0.0115
  21   106     1174       12    0.0903 +- 0.0092   0.0919 +- 0.0093
  22   127     1176        8    0.1080 +- 0.0101   0.1093 +- 0.0102
  23   137      585        4    0.2342 +- 0.0222   0.2370 +- 0.0226
  24   188      861        8    0.2184 +- 0.0176   0.2219 +- 0.0180
  25   188     1496       11    0.1257 +- 0.0097   0.1273 +- 0.0099
  26   172     1006       11    0.1710 +- 0.0141   0.1743 +- 0.0145
  27   188     1163       15    0.1617 +- 0.0127   0.1653 +- 0.0131
  28   217     1378       19    0.1575 +- 0.0115   0.1613 +- 0.0119
  29   139     1102        9    0.1261 +- 0.0114   0.1279 +- 0.0115
  30   212     1382       14    0.1534 +- 0.0113   0.1561 +- 0.0116
  31   129      801       13    0.1610 +- 0.0153   0.1657 +- 0.0158
  32   132     1307       11    0.1010 +- 0.0092   0.1025 +- 0.0094
  33   147     1450       14    0.1014 +- 0.0088   0.1031 +- 0.0089
  34   139      857       19    0.1622 +- 0.0148   0.1686 +- 0.0156
  35   191     1191       11    0.1604 +- 0.0125   0.1630 +- 0.0128
  36   185     1214        8    0.1524 +- 0.0120   0.1541 +- 0.0122
  37   178     1308        9    0.1361 +- 0.0109   0.1377 +- 0.0110
  38   183     1205        9    0.1519 +- 0.0120   0.1538 +- 0.0122
  39    30      216        7    0.1389 +- 0.0271   0.1471 +- 0.0291
  40    24      168       10    0.1429 +- 0.0312   0.1592 +- 0.0357
  41   191     1140       21    0.1675 +- 0.0131   0.1730 +- 0.0136
  42   164     1181       19    0.1389 +- 0.0116   0.1428 +- 0.0120
  43   212     1266       17    0.1675 +- 0.0124   0.1714 +- 0.0128
  44   205     1251       11    0.1639 +- 0.0123   0.1664 +- 0.0126
  45   169     1236       14    0.1367 +- 0.0112   0.1395 +- 0.0115
  46   182     1211       19    0.1503 +- 0.0119   0.1545 +- 0.0124
  47   214     1323       10    0.1618 +- 0.0119   0.1639 +- 0.0121
  48   186     1128       14    0.1649 +- 0.0130   0.1685 +- 0.0134
  49   185     1299       19    0.1424 +- 0.0112   0.1461 +- 0.0116
  50   167     1203       12    0.1388 +- 0.0115   0.1412 +- 0.0117
  51   213     1262       12    0.1688 +- 0.0125   0.1716 +- 0.0128
  52    66      507        6    0.1302 +- 0.0170   0.1329 +- 0.0175
  53   101      669       10    0.1510 +- 0.0161   0.1550 +- 0.0167
  54   186     1286       16    0.1446 +- 0.0113   0.1478 +- 0.0117
  55   168     1205       11    0.1394 +- 0.0115   0.1416 +- 0.0117
  56   200     1281       18    0.1561 +- 0.0119   0.1600 +- 0.0122
  57   195     1323       18    0.1474 +- 0.0113   0.1509 +- 0.0116
  58   199     1229       12    0.1619 +- 0.0124   0.1647 +- 0.0126
  59   208     1236        8    0.1683 +- 0.0126   0.1702 +- 0.0128
  60   109      697        4    0.1564 +- 0.0161   0.1579 +- 0.0163
  61   107      695        5    0.1540 +- 0.0160   0.1559 +- 0.0162
  62   215     1285        4    0.1673 +- 0.0123   0.1682 +- 0.0124
  63   176     1299       14    0.1355 +- 0.0109   0.1381 +- 0.0111
  64   216     1437       20    0.1503 +- 0.0110   0.1540 +- 0.0113
  65   200     1354       16    0.1477 +- 0.0112   0.1508 +- 0.0115
  66   210     1382       17    0.1520 +- 0.0113   0.1552 +- 0.0116
  67   204     1365       13    0.1495 +- 0.0112   0.1519 +- 0.0115
  68   240     1461       18    0.1643 +- 0.0114   0.1678 +- 0.0118
  69   238     1421       16    0.1675 +- 0.0117   0.1708 +- 0.0120
  70   142      899        9    0.1580 +- 0.0143   0.1607 +- 0.0146
  71   174     1037       11    0.1678 +- 0.0137   0.1709 +- 0.0141
  72   234     1429        9    0.1638 +- 0.0115   0.1655 +- 0.0117
  73   247     1511       17    0.1635 +- 0.0112   0.1667 +- 0.0115
  74   258     1604       17    0.1608 +- 0.0108   0.1638 +- 0.0110
  75   218     1284       10    0.1698 +- 0.0124   0.1721 +- 0.0127
  76   257     1338       14    0.1921 +- 0.0131   0.1956 +- 0.0134
  77   299     1641       14    0.1822 +- 0.0115   0.1849 +- 0.0117
  78   304     1614       16    0.1884 +- 0.0118   0.1916 +- 0.0120
  79   278     1580       17    0.1759 +- 0.0114   0.1793 +- 0.0117
  80   342     1737       25    0.1969 +- 0.0116   0.2019 +- 0.0120
  81   278     1632       13    0.1703 +- 0.0111   0.1727 +- 0.0112
  82   281     1622       12    0.1732 +- 0.0112   0.1755 +- 0.0114
  83   294     1715       12    0.1714 +- 0.0108   0.1735 +- 0.0110
  84   336     1808       18    0.1858 +- 0.0110   0.1891 +- 0.0113
  85   297     1609        8    0.1846 +- 0.0117   0.1862 +- 0.0118
  86   310     1513       13    0.2049 +- 0.0128   0.2080 +- 0.0130
  87   343     1774       18    0.1933 +- 0.0114   0.1968 +- 0.0117
  88   344     1772       10    0.1941 +- 0.0114   0.1960 +- 0.0116
  89   293     1623       13    0.1805 +- 0.0115   0.1831 +- 0.0117
  90   303     1716       14    0.1766 +- 0.0110   0.1791 +- 0.0112
  91   324     1764       15    0.1837 +- 0.0111   0.1864 +- 0.0113
  92   318     1845       11    0.1724 +- 0.0105   0.1741 +- 0.0106
  93   351     1864       16    0.1883 +- 0.0110   0.1911 +- 0.0112
  94   327     1851       16    0.1767 +- 0.0106   0.1793 +- 0.0108
  95   338     1853       14    0.1824 +- 0.0108   0.1848 +- 0.0110
  96   340     1731       22    0.1964 +- 0.0117   0.2008 +- 0.0120
  97   225     1253       16    0.1796 +- 0.0130   0.1836 +- 0.0134
  98   365     1867       19    0.1955 +- 0.0112   0.1990 +- 0.0115
  99   326     1883       18    0.1731 +- 0.0104   0.1760 +- 0.0106
 100   305     1743       16    0.1750 +- 0.0109   0.1778 +- 0.0111
 101   300     1756       18    0.1708 +- 0.0107   0.1739 +- 0.0109
 102   322     1855       21    0.1736 +- 0.0105   0.1770 +- 0.0107
 103   311     1893       12    0.1643 +- 0.0101   0.1661 +- 0.0102
 104   248     1623       11    0.1528 +- 0.0104   0.1546 +- 0.0106
 105   313     1796       14    0.1743 +- 0.0107   0.1767 +- 0.0109
 106   286     1545        8    0.1851 +- 0.0119   0.1868 +- 0.0121
 107   293     1817       11    0.1613 +- 0.0102   0.1630 +- 0.0103
 108   329     2038       13    0.1614 +- 0.0096   0.1632 +- 0.0097
 109   320     1941       16    0.1649 +- 0.0099   0.1672 +- 0.0101
 110   314     1957       14    0.1604 +- 0.0098   0.1625 +- 0.0099
 111   325     1980       15    0.1641 +- 0.0098   0.1663 +- 0.0100
 112   280     1853       14    0.1511 +- 0.0097   0.1531 +- 0.0098
 113   324     2055       15    0.1577 +- 0.0094   0.1597 +- 0.0096
 114   322     1904       13    0.1691 +- 0.0102   0.1711 +- 0.0103
 115   291     1913       17    0.1521 +- 0.0096   0.1545 +- 0.0098
 116   305     1958        6    0.1558 +- 0.0096   0.1566 +- 0.0097
 117   304     1855       13    0.1639 +- 0.0101   0.1659 +- 0.0103
 118   277     1719        9    0.1611 +- 0.0104   0.1626 +- 0.0106
 119   235     1547       11    0.1519 +- 0.0106   0.1538 +- 0.0108
 120   231     1481       12    0.1560 +- 0.0110   0.1582 +- 0.0112
 121   325     2086       22    0.1558 +- 0.0093   0.1587 +- 0.0095
 122   304     2042       22    0.1489 +- 0.0092   0.1517 +- 0.0094
 123   341     2117       15    0.1611 +- 0.0094   0.1631 +- 0.0095
 124   296     1979        8    0.1496 +- 0.0093   0.1506 +- 0.0094
 125   273     1950        6    0.1400 +- 0.0090   0.1407 +- 0.0091
 126   294     2007       17    0.1465 +- 0.0091   0.1487 +- 0.0093
 127   312     1922       15    0.1623 +- 0.0099   0.1645 +- 0.0101
 128   294     2011       18    0.1462 +- 0.0091   0.1485 +- 0.0093
 129   334     2138       10    0.1562 +- 0.0092   0.1575 +- 0.0093
 130   318     2024        8    0.1571 +- 0.0095   0.1582 +- 0.0096
 131   307     2118       13    0.1449 +- 0.0089   0.1465 +- 0.0090
 132   274     2025       11    0.1353 +- 0.0087   0.1366 +- 0.0088
 133   316     2083       11    0.1517 +- 0.0092   0.1531 +- 0.0093
 134   308     2151        7    0.1432 +- 0.0087   0.1440 +- 0.0088
 135   332     2279       17    0.1457 +- 0.0086   0.1476 +- 0.0087
 136   314     2187       12    0.1436 +- 0.0087   0.1449 +- 0.0088
 137   337     2247       12    0.1500 +- 0.0088   0.1514 +- 0.0089
 138   358     2215       17    0.1616 +- 0.0092   0.1638 +- 0.0094
 139   335     2110       21    0.1588 +- 0.0093   0.1615 +- 0.0095
 140   230     1634        9    0.1408 +- 0.0099   0.1421 +- 0.0100
 141   223     1532       10    0.1456 +- 0.0104   0.1472 +- 0.0106
 142   341     2221       16    0.1535 +- 0.0089   0.1555 +- 0.0091
 143   297     2418       17    0.1228 +- 0.0076   0.1243 +- 0.0077
 144   309     2280       15    0.1355 +- 0.0082   0.1371 +- 0.0083
 145   323     2205       18    0.1465 +- 0.0087   0.1486 +- 0.0089
 146   285     2111       13    0.1350 +- 0.0085   0.1365 +- 0.0086
 147   301     2274       12    0.1324 +- 0.0081   0.1336 +- 0.0082
 148   351     2258       15    0.1554 +- 0.0089   0.1572 +- 0.0090
 149   320     2352       12    0.1361 +- 0.0081   0.1373 +- 0.0082
 150   326     2323       13    0.1403 +- 0.0083   0.1417 +- 0.0084
 151   345     2323       16    0.1485 +- 0.0086   0.1503 +- 0.0087
 152   304     2422       17    0.1255 +- 0.0076   0.1271 +- 0.0078
 153   322     3192       22    0.1009 +- 0.0059   0.1021 +- 0.0060
 154   312     2233       19    0.1397 +- 0.0084   0.1418 +- 0.0086
 155   320     2381        6    0.1344 +- 0.0080   0.1350 +- 0.0080
 156   309     2422       14    0.1276 +- 0.0077   0.1289 +- 0.0078
 157   310     2460       18    0.1260 +- 0.0076   0.1276 +- 0.0077
 158   351     2453       22    0.1431 +- 0.0082   0.1453 +- 0.0083
 159   318     2394       11    0.1328 +- 0.0079   0.1339 +- 0.0080
 160   339     2612       11    0.1298 +- 0.0075   0.1307 +- 0.0076
 161   236     2687       23    0.0878 +- 0.0060   0.0891 +- 0.0061
 162   379     3354       14    0.1130 +- 0.0061   0.1138 +- 0.0062
 163   260     1886       14    0.1379 +- 0.0091   0.1396 +- 0.0093
 164   388     2583       14    0.1502 +- 0.0082   0.1516 +- 0.0083
 165   378     2618        9    0.1444 +- 0.0079   0.1452 +- 0.0080
 166   245     1953       11    0.1254 +- 0.0085   0.1267 +- 0.0086
 167   245     1928       20    0.1271 +- 0.0086   0.1294 +- 0.0088
 168   369     2631       14    0.1403 +- 0.0078   0.1415 +- 0.0079
 169   346     2639       15    0.1311 +- 0.0075   0.1324 +- 0.0076
 170   333     2603       13    0.1279 +- 0.0074   0.1290 +- 0.0075
 171   340     2536        9    0.1341 +- 0.0077   0.1349 +- 0.0078
 172   349     2536       10    0.1376 +- 0.0079   0.1386 +- 0.0079
 173   296     2363       15    0.1253 +- 0.0077   0.1267 +- 0.0078
 174   273     2215       11    0.1233 +- 0.0079   0.1243 +- 0.0080
 175   314     2546        7    0.1233 +- 0.0074   0.1239 +- 0.0074
 176   378     2850       12    0.1326 +- 0.0073   0.1336 +- 0.0073
 177   409     2632       14    0.1554 +- 0.0083   0.1568 +- 0.0084
 178   404     2679       23    0.1508 +- 0.0080   0.1531 +- 0.0082
 179   392     2896       17    0.1354 +- 0.0073   0.1367 +- 0.0074
 180   392     2782       13    0.1409 +- 0.0076   0.1421 +- 0.0077
 181   354     2687       18    0.1317 +- 0.0074   0.1333 +- 0.0076
 182   396     3234       23    0.1224 +- 0.0065   0.1240 +- 0.0066
 183   348     2851       17    0.1221 +- 0.0069   0.1233 +- 0.0070
 184   434     3041       14    0.1427 +- 0.0073   0.1439 +- 0.0074
 185   418     3018       21    0.1385 +- 0.0072   0.1402 +- 0.0073
 186   426     3126       17    0.1363 +- 0.0070   0.1376 +- 0.0071
 187   449     3072       12    0.1462 +- 0.0074   0.1471 +- 0.0074
 188     0     3081       24    0.0000 +- 0.0000   0.0000 +- 0.0000
 189   452     2947       19    0.1534 +- 0.0077   0.1551 +- 0.0079
 190   368     3072       17    0.1198 +- 0.0066   0.1209 +- 0.0067
 191   440     2977       19    0.1478 +- 0.0075   0.1494 +- 0.0077
 192   425     2974       22    0.1429 +- 0.0074   0.1448 +- 0.0075
 193   370     3002        8    0.1233 +- 0.0068   0.1238 +- 0.0068
 194   386     3056       11    0.1263 +- 0.0068   0.1271 +- 0.0069
 195   463     3209       17    0.1443 +- 0.0072   0.1456 +- 0.0073
 196   466     3120       17    0.1494 +- 0.0074   0.1508 +- 0.0075
 197   422     2830        8    0.1491 +- 0.0078   0.1498 +- 0.0078
 198   418     2917       10    0.1433 +- 0.0075   0.1441 +- 0.0075
 199   266     1982       11    0.1342 +- 0.0088   0.1355 +- 0.0089
 200   431     3063       11    0.1407 +- 0.0072   0.1416 +- 0.0073
 201   377     2844       13    0.1326 +- 0.0073   0.1336 +- 0.0073
 202   283     3314       25    0.0854 +- 0.0053   0.0865 +- 0.0054
 203   109     4759     1404    0.0229 +- 0.0022   0.0466 +- 0.0048
 204   186     3207      224    0.0580 +- 0.0044   0.0659 +- 0.0050
 205   358     3644       24    0.0982 +- 0.0054   0.0994 +- 0.0055
 206   490     3610       27    0.1357 +- 0.0065   0.1375 +- 0.0066
 207   497     3614       22    0.1375 +- 0.0066   0.1390 +- 0.0067
 208   505     3674       24    0.1375 +- 0.0065   0.1390 +- 0.0066
 209   509     3513       21    0.1449 +- 0.0069   0.1464 +- 0.0070
 210   500     3794       24    0.1318 +- 0.0063   0.1332 +- 0.0064
 211   459     3593       18    0.1277 +- 0.0063   0.1289 +- 0.0064
 212   541     3692       17    0.1465 +- 0.0067   0.1477 +- 0.0068
 213   600     3938       29    0.1524 +- 0.0067   0.1543 +- 0.0068
 214   511     3481       16    0.1468 +- 0.0070   0.1480 +- 0.0070
 215   556     3789        7    0.1467 +- 0.0067   0.1472 +- 0.0067
 216   528     3658       15    0.1443 +- 0.0067   0.1454 +- 0.0068
 217   513     3254       15    0.1577 +- 0.0075   0.1589 +- 0.0076
 218   577     3896       14    0.1481 +- 0.0066   0.1490 +- 0.0067
 219   566     4021       11    0.1408 +- 0.0063   0.1414 +- 0.0064
 220   467     3495       10    0.1336 +- 0.0066   0.1343 +- 0.0066
 221   469     3745       10    0.1252 +- 0.0061   0.1258 +- 0.0062
 222   547     4069       19    0.1344 +- 0.0061   0.1355 +- 0.0062
 223   639     4185       14    0.1527 +- 0.0065   0.1536 +- 0.0065
 224   551     4017       20    0.1372 +- 0.0062   0.1384 +- 0.0063
 225   601     4422       15    0.1359 +- 0.0059   0.1367 +- 0.0060
 226   482     3731       14    0.1292 +- 0.0063   0.1300 +- 0.0063
 227   565     3720       18    0.1519 +- 0.0069   0.1532 +- 0.0069
 228   581     4304       19    0.1350 +- 0.0060   0.1360 +- 0.0060
 229   625     4547       14    0.1375 +- 0.0059   0.1382 +- 0.0059
 230   639     4361       15    0.1465 +- 0.0062   0.1474 +- 0.0063
 231   603     4485       17    0.1344 +- 0.0058   0.1353 +- 0.0059
 232   674     4534       24    0.1487 +- 0.0061   0.1500 +- 0.0062
 233   626     4540       18    0.1379 +- 0.0059   0.1388 +- 0.0059
 234   603     4382        6    0.1376 +- 0.0060   0.1379 +- 0.0060
 235   629     4651       13    0.1352 +- 0.0057   0.1359 +- 0.0058
 236   660     4903       16    0.1346 +- 0.0056   0.1354 +- 0.0056
 237   656     4998       12    0.1313 +- 0.0055   0.1318 +- 0.0055
 238   729     4834       22    0.1508 +- 0.0060   0.1520 +- 0.0061
 239   737     4374       12    0.1685 +- 0.0067   0.1693 +- 0.0067
 240   793     4792       10    0.1655 +- 0.0063   0.1661 +- 0.0064
 241   764     5245       25    0.1457 +- 0.0056   0.1469 +- 0.0057
 242   865     5499       12    0.1573 +- 0.0058   0.1579 +- 0.0058
 243   855     5429       10    0.1575 +- 0.0058   0.1580 +- 0.0058
 244   882     5513       18    0.1600 +- 0.0058   0.1609 +- 0.0058
 245   879     5545        9    0.1585 +- 0.0058   0.1590 +- 0.0058
 246   864     5650       13    0.1529 +- 0.0056   0.1535 +- 0.0056
 247   843     5701       11    0.1479 +- 0.0055   0.1484 +- 0.0055
 248   832     5717       11    0.1455 +- 0.0054   0.1460 +- 0.0054
 249   852     5521        8    0.1543 +- 0.0057   0.1547 +- 0.0057
 250   744     5046        9    0.1474 +- 0.0058   0.1479 +- 0.0058
 251   783     4978        2    0.1573 +- 0.0060   0.1574 +- 0.0061
 252   821     5270       18    0.1558 +- 0.0058   0.1567 +- 0.0059
 253   858     5542       12    0.1548 +- 0.0057   0.1554 +- 0.0057
 254   931     6290       14    0.1480 +- 0.0052   0.1486 +- 0.0052
 255   868     6436       15    0.1349 +- 0.0049   0.1354 +- 0.0049
 256   884     6252       17    0.1414 +- 0.0051   0.1421 +- 0.0051
 257   818     6477       21    0.1263 +- 0.0047   0.1270 +- 0.0047
 258   851     6651       20    0.1280 +- 0.0047   0.1286 +- 0.0047
 259   928     6455       26    0.1438 +- 0.0050   0.1448 +- 0.0051
 260  1103     6917       11    0.1595 +- 0.0052   0.1599 +- 0.0052
 261   265     1975       10    0.1342 +- 0.0088   0.1354 +- 0.0089
 262  1051     6498       19    0.1617 +- 0.0054   0.1626 +- 0.0054
 263   933     5882       15    0.1586 +- 0.0056   0.1593 +- 0.0056
 264   383     2555        3    0.1499 +- 0.0082   0.1502 +- 0.0082
 265   275     2095        6    0.1313 +- 0.0084   0.1319 +- 0.0085
 266   956     6132        9    0.1559 +- 0.0054   0.1563 +- 0.0054
 267   699     5580       13    0.1253 +- 0.0050   0.1258 +- 0.0051
 268   848     6810       90    0.1245 +- 0.0045   0.1274 +- 0.0047
 269   671     6376       93    0.1052 +- 0.0043   0.1080 +- 0.0044
 270   965     7734       20    0.1248 +- 0.0043   0.1253 +- 0.0043
 271   911     7232       37    0.1260 +- 0.0044   0.1271 +- 0.0045
 272  1051     8084       28    0.1300 +- 0.0043   0.1308 +- 0.0043
 273  1006     6914       14    0.1455 +- 0.0049   0.1460 +- 0.0049
 274  1015     6612       16    0.1535 +- 0.0052   0.1542 +- 0.0052
 275  1013     7046       12    0.1438 +- 0.0048   0.1442 +- 0.0048
 276   977     7205       20    0.1356 +- 0.0046   0.1363 +- 0.0047
 277   982     7691       14    0.1277 +- 0.0043   0.1281 +- 0.0043
 278  1049     7359       22    0.1425 +- 0.0047   0.1433 +- 0.0047
 279  1040     7313       20    0.1422 +- 0.0047   0.1429 +- 0.0047
 280  1173     8417       13    0.1394 +- 0.0043   0.1397 +- 0.0044
 281  1034     7372        8    0.1403 +- 0.0047   0.1405 +- 0.0047
 282   933     6452       13    0.1446 +- 0.0051   0.1451 +- 0.0051
 283   875     6122       19    0.1429 +- 0.0052   0.1437 +- 0.0052
 284  1105     6837        9    0.1616 +- 0.0052   0.1620 +- 0.0053
 285  1550     9027       16    0.1717 +- 0.0047   0.1722 +- 0.0047
 286  1839     9966       21    0.1845 +- 0.0047   0.1852 +- 0.0047
 287  2067    10386       22    0.1990 +- 0.0048   0.1997 +- 0.0048
 288  2668    12093       25    0.2206 +- 0.0047   0.2214 +- 0.0047
 289  1710     7428       17    0.2302 +- 0.0062   0.2311 +- 0.0062
 290  3953    15731       26    0.2513 +- 0.0045   0.2520 +- 0.0045
 291  2868    11161       22    0.2570 +- 0.0054   0.2578 +- 0.0054
 292  3956    14508       22    0.2727 +- 0.0049   0.2734 +- 0.0049
 293  4552    18246       34    0.2495 +- 0.0041   0.2503 +- 0.0042
 294  4538    18972       43    0.2392 +- 0.0040   0.2401 +- 0.0040
 295  4099    17174       34    0.2387 +- 0.0041   0.2395 +- 0.0042
 296  4048    17689       45    0.2288 +- 0.0040   0.2299 +- 0.0040
 297  3941    17552       34    0.2245 +- 0.0040   0.2253 +- 0.0040
 298  4205    17328       24    0.2427 +- 0.0042   0.2433 +- 0.0042
 299  4640    18221       28    0.2547 +- 0.0042   0.2553 +- 0.0042
 300  4268    18364       25    0.2324 +- 0.0039   0.2330 +- 0.0040
 301  3976    18595       16    0.2138 +- 0.0037   0.2141 +- 0.0037
 302  3681    17955       14    0.2050 +- 0.0037   0.2053 +- 0.0037
 303  3836    18142       37    0.2114 +- 0.0038   0.2122 +- 0.0038
 304  3955    18148       22    0.2179 +- 0.0038   0.2184 +- 0.0038
 305  3464    18406       32    0.1882 +- 0.0035   0.1888 +- 0.0035
 306  3540    19102       35    0.1853 +- 0.0034   0.1859 +- 0.0034
 307  3919    18894       41    0.2074 +- 0.0036   0.2082 +- 0.0037
 308   796    14492      196    0.0549 +- 0.0020   0.0562 +- 0.0021
 309  2981    19461       26    0.1532 +- 0.0030   0.1535 +- 0.0030
 310  3364    19193       16    0.1753 +- 0.0033   0.1755 +- 0.0033
 311  3324    18405       22    0.1806 +- 0.0034   0.1810 +- 0.0034
 312  3326    19316       21    0.1722 +- 0.0032   0.1725 +- 0.0032
 313  3101    19506       22    0.1590 +- 0.0031   0.1593 +- 0.0031
 314  3025    18557       21    0.1630 +- 0.0032   0.1633 +- 0.0032
 315  3195    18904       19    0.1690 +- 0.0032   0.1693 +- 0.0032
 316  2887    18805       18    0.1535 +- 0.0031   0.1538 +- 0.0031
 317  3026    19906       21    0.1520 +- 0.0030   0.1523 +- 0.0030
 318  2969    19757       14    0.1503 +- 0.0030   0.1505 +- 0.0030
 319  2922    19471       14    0.1501 +- 0.0030   0.1503 +- 0.0030
 320  3049    20592       21    0.1481 +- 0.0029   0.1483 +- 0.0029
 321  3051    21438       27    0.1423 +- 0.0028   0.1426 +- 0.0028
 322  3103    21831       20    0.1421 +- 0.0027   0.1424 +- 0.0027
 323  2026    15308       18    0.1323 +- 0.0031   0.1326 +- 0.0031
 324  1758    13726       17    0.1281 +- 0.0032   0.1284 +- 0.0033
 325  2645    19738       13    0.1340 +- 0.0028   0.1342 +- 0.0028
 326  2573    20025       22    0.1285 +- 0.0027   0.1287 +- 0.0027
 327  2810    21981       23    0.1278 +- 0.0026   0.1281 +- 0.0026
 328  2661    22876       27    0.1163 +- 0.0024   0.1166 +- 0.0024
 329  2723    23603       36    0.1154 +- 0.0023   0.1157 +- 0.0023
 330  2487    23818       25    0.1044 +- 0.0022   0.1046 +- 0.0022
 331  2259    23540       22    0.0960 +- 0.0021   0.0961 +- 0.0021
 332  2040    21195       21    0.0962 +- 0.0022   0.0964 +- 0.0022
 333  2091    21535       21    0.0971 +- 0.0022   0.0973 +- 0.0022
 334  3087    28332       35    0.1090 +- 0.0021   0.1092 +- 0.0021
 335  2991    27955       23    0.1070 +- 0.0021   0.1071 +- 0.0021
 336  3432    27688       21    0.1240 +- 0.0022   0.1241 +- 0.0022
 337     0        0        0    0.0000 +- 0.0000   0.0000 +- 0.0000
 338     0        0        0    0.0000 +- 0.0000   0.0000 +- 0.0000
 339     0        0        0    0.0000 +- 0.0000   0.0000 +- 0.0000
 340     0        0        0    0.0000 +- 0.0000   0.0000 +- 0.0000
 341     0        0        0    0.0000 +- 0.0000   0.0000 +- 0.0000
 342     0        0        0    0.0000 +- 0.0000   0.0000 +- 0.0000
 343     0        0        0    0.0000 +- 0.0000   0.0000 +- 0.0000
 344     0        0        0    0.0000 +- 0.0000   0.0000 +- 0.0000
 345     0        0        0    0.0000 +- 0.0000   0.0000 +- 0.0000
 346     0        0        0    0.0000 +- 0.0000   0.0000 +- 0.0000
 347     0        0        0    0.0000 +- 0.0000   0.0000 +- 0.0000
 348     0        0        0    0.0000 +- 0.0000   0.0000 +- 0.0000
 349     0        0        0    0.0000 +- 0.0000   0.0000 +- 0.0000
 350     0        0        0    0.0000 +- 0.0000   0.0000 +- 0.0000
 351     0        0        0    0.0000 +- 0.0000   0.0000 +- 0.0000

Mean tagging efficiency  0.1557 +-  0.0006
	                       0.1539 +-  0.0005 without background subtraction

