     .0  280.4    7.258    .000    .000    .000   1.000    .000    .000    .000
   10.0  280.4    7.645   -.038    .008    .038    .860   -.508   -.006   -.007
   20.0  280.4    8.752   -.060    .014    .128    .525   -.839   -.020   -.009
   30.0  280.4   10.433   -.061    .019    .229    .148   -.960   -.033   -.007
   40.0  280.4   12.471   -.046    .024    .313   -.179   -.931   -.041   -.001
   50.0  280.4   14.604   -.022    .029    .376   -.432   -.819   -.043    .005
   60.0  280.4   16.570    .010    .035    .418   -.618   -.665   -.038    .009
   70.0  280.4   18.135    .047    .044    .444   -.749   -.491   -.029    .012
   80.0  280.4   19.123    .088    .054    .457   -.833   -.304   -.016    .010
   90.0  280.4   19.430    .135    .066    .458   -.875   -.109   -.001    .004
  100.0  280.4   19.038    .186    .079    .448   -.873    .095    .016   -.007
  110.0  280.4   18.010    .240    .093    .427   -.822    .304    .032   -.023
  120.0  280.4   16.480    .295    .108    .393   -.710    .511    .045   -.044
  130.0  280.4   14.636    .345    .120    .343   -.525    .703    .053   -.068
  140.0  280.4   12.698    .379    .127    .277   -.251    .850    .053   -.091
  150.0  280.4   10.893    .378    .124    .195    .109    .900    .043   -.103
  160.0  280.4    9.431    .319    .103    .105    .515    .789    .026   -.095
  170.0  280.4    8.480    .188    .060    .030    .860    .473    .008   -.058
  180.0  280.4    8.151    .000    .000    .000   1.000    .000    .000    .000
